{
  "encoding_mapping": {
    "ownership": {
      "美国私营企业": "民营",
      "私营": "民营",
      "商业机构": "商业",
      "商业公司": "商业",
      "党委主管": "事业单位",
      "私人": "民营",
      "企业所有": "商业",
      "国有企业": "个人",
      "国有": "个人",
      "民营企业": "民营",
      "科技媒体": "独立媒体",
      "商业所有": "商业",
      "个人所有": "个人",
      "独立机构": "独立",
      "混合所有制": "混合",
      "私营企业": "民营",
      "私有资本": "私有",
      "私有": "个人",
      "政府背景企业": "事业单位",
      "官方": "国有",
      "事业单位": "商业",
      "国有控股": "个人",
      "独立运营": "独立",
      "非公有制": "个人",
      "企业办的媒体": "独立媒体",
      "外资成分": "外资"
    },
    "funding": {
      "会员费": "会员",
      "广告收入": "广告",
      "商业支持": "企业合作",
      "产品销售": "销售",
      "联盟": "会员",
      "资本市场": "市场业务",
      "内容付费": "个人付费",
      "订阅": "会员",
      "风险投资": "投资",
      "市场广告": "广告",
      "商业投资": "投资",
      "多元化收入": "多元化",
      "商业合作": "企业合作",
      "会员订阅": "会员",
      "企业赞助": "企业合作",
      "商业广告": "广告",
      "市场业务": "销售",
      "销售": "股东",
      "官方广告": "广告",
      "企业服务": "企业合作",
      "发行": "PE",
      "电商导购": "电商",
      "增值服务": "企业服务",
      "投资机构": "投资",
      "活动赞助": "赞助",
      "广告、赞助、技术合作伙伴、订阅服务": "广告、企业赞助、会员订阅",
      "品牌合作": "电商",
      "内容赞助": "赞助",
      "技术合作": "企业合作",
      "赞助": "会员",
      "广告、企业赞助、会员订阅": "广告"
    },
    "political_stance": {
      "温和中立": "中立",
      "市场导向": "亲商业",
      "中间偏官方": "官方",
      "官方立场": "官方",
      "亲政府": "官方",
      "官方媒体": "官方",
      "支持中国共产党": "中国大陆",
      "市场化": "亲商业",
      "亲市场": "亲商业",
      "自由主义": "保守派",
      "官方认可": "官方",
      "科技中立": "中立",
      "左翼": "左倾",
      "进步主义": "左倾",
      "中间偏左": "左倾",
      "商业导向": "亲商业",
      "中间": "中立",
      "右": "右倾",
      "左倾": "右倾",
      "保守主义": "右倾",
      "自由市场": "自由主义",
      "支持国家科技发展": "技术导向",
      "右倾": "亲中"
    },
    "content_domain": {
      "私募": "投资",
      "风险投资": "投资",
      "科技产品": "科技",
      "科技数码": "数码",
      "金融": "投资",
      "财经": "产业",
      "本地新闻": "新闻",
      "证券": "投资",
      "新闻通讯": "新闻",
      "时事评论": "时事",
      "国际新闻": "新闻",
      "科技": "数码",
      "硬件": "电脑",
      "科技产品评测": "科技",
      "商业": "创业",
      "操作系统": "电脑",
      "股票": "投资",
      "时事政治": "时事",
      "创新": "创业",
      "创业": "产业",
      "综合门户": "中关村",
      "IT资讯": "IT",
      "社会议题": "社会",
      "时政新闻": "时事",
      "市场分析": "产业",
      "行业分析": "产业",
      "新闻资讯": "新闻",
      "技术开发": "科技",
      "投资分析": "投资",
      "社会观察": "社会",
      "新闻媒体": "新闻",
      "数码产品": "数码",
      "科技新闻、科技趋势、产品评测": "科技",
      "经济": "产业",
      "电商": "创业",
      "软件开发": "软件",
      "社会": "文化",
      "云计算": "数码"
    },
    "location": {
      "总部美国": "美国",
      "杭州": "中国",
      "香港": "中国",
      "中国大陆": "中国",
      "中国西部": "中国",
      "北京": "中国",
      "中国中部": "中国",
      "中国上海": "中国",
      "中国境内": "中国",
      "中文市场": "中国"
    },
    "target_audience": {
      "企业用户": "消费者",
      "科技行业从业者": "技术经理",
      "投资者": "投资人",
      "金融从业者": "投资人",
      "本地网民": "大众网民",
      "数码产品用户": "消费者",
      "数码消费者": "消费者",
      "中国大陆网民": "中国投资者",
      "对时事和科技感兴趣的用户": "技术爱好者",
      "财经从业者": "投资人",
      "普通网民": "大众网民",
      "投资者和财经专业人士": "投资人",
      "中国商务人士": "中国投资者",
      "企业高管": "创业者",
      "企业人士": "创业者",
      "中文互联网用户": "中国投资者",
      "科技爱好者": "技术经理",
      "互联网用户": "大众网民",
      "科技从业者、投资者、环保人士": "科技从业者",
      "科技从业者": "技术经理",
      "房地产从业者、投资者": "投资人",
      "关注时事政治的人群": "关注时事的读者",
      "关注时事政治的读者群体": "关注时事的读者",
      "中国投资者": "投资人",
      "中国开发者": "开发者",
      "关注时事的政治读者": "关注时事的读者",
      "普通科技用户": "科技从业者",
      "科技爱好者、IT从业者、企业技术决策者": "技术经理",
      "广泛网民": "大众网民",
      "技术爱好者": "技术经理",
      "IT专业人士": "IT从业者"
    },
    "category": {
      "财经科技媒体": "科技媒体",
      "科技博客": "科技媒体",
      "财经报纸": "日报",
      "新闻网站": "新闻媒体",
      "新闻评论": "新闻媒体",
      "新闻媒体": "日报",
      "综合新闻媒体": "日报",
      "综合新闻门户": "日报",
      "网络媒体": "新闻媒体",
      "商业财经媒体": "财经媒体",
      "财经媒体": "新闻媒体",
      "商业新闻媒体": "新闻媒体",
      "科技媒体": "新闻媒体",
      "行业媒体": "新闻媒体",
      "行业垂直媒体": "垂直媒体",
      "财经科技平台": "科技公司",
      "新闻门户网站": "新闻媒体",
      "综合科技媒体": "新闻媒体",
      "评论媒体": "新闻媒体",
      "科技新闻媒体": "新闻媒体",
      "科技资讯": "科技媒体",
      "新闻机构": "新闻媒体",
      "多媒体平台": "科技媒体",
      "科技商业媒体": "科技媒体",
      "科技资讯类媒体": "新闻媒体",
      "科技垂直媒体": "垂直媒体",
      "新闻评论类媒体": "新闻媒体",
      "综合新闻网站": "新闻媒体",
      "综合互联网媒体": "科技媒体"
    }
  },
  "last_clustering_stats": {
    "timestamp": "2025-11-09T15:55:48.149749",
    "fields": {
      "ownership": {
        "before_count": 11,
        "after_count": 11,
        "reduction": 0,
        "reduction_rate": 0.0,
        "clusters": [],
        "total_clusters": 11,
        "clustered_keywords": 0,
        "similarity_matrix": {
          "keywords": [
            "个人",
            "中国",
            "内容团队",
            "商业",
            "国内资本",
            "外资",
            "民营",
            "混合",
            "独立",
            "独立媒体",
            "美国"
          ],
          "matrix": [
            [
              1.0,
              0.38892102241516113,
              0.432125985622406,
              0.5417153835296631,
              0.3511991798877716,
              0.556186854839325,
              0.45858949422836304,
              0.5172352194786072,
              0.4618147909641266,
              0.38865840435028076,
              0.5273663997650146
            ],
            [
              0.38892102241516113,
              1.0,
              0.17200130224227905,
              0.4511770009994507,
              0.29116159677505493,
              0.5230677723884583,
              0.2119288295507431,
              0.32225826382637024,
              0.27745693922042847,
              0.19308100640773773,
              0.394336074590683
            ],
            [
              0.432125985622406,
              0.17200130224227905,
              1.0,
              0.40980422496795654,
              0.1682741940021515,
              0.3033306300640106,
              0.2772151529788971,
              0.4145089387893677,
              0.20595623552799225,
              0.556164026260376,
              0.31087493896484375
            ],
            [
              0.5417153835296631,
              0.4511770009994507,
              0.40980422496795654,
              1.0,
              0.523914098739624,
              0.515485405921936,
              0.24082082509994507,
              0.460523784160614,
              0.32572489976882935,
              0.3073120415210724,
              0.4485764801502228
            ],
            [
              0.3511991798877716,
              0.29116159677505493,
              0.1682741940021515,
              0.523914098739624,
              1.0,
              0.39248719811439514,
              0.24860826134681702,
              0.2501904368400574,
              0.5024566054344177,
              0.26667821407318115,
              0.4199284613132477
            ],
            [
              0.556186854839325,
              0.5230677723884583,
              0.3033306300640106,
              0.515485405921936,
              0.39248719811439514,
              1.0,
              0.374217689037323,
              0.4195215702056885,
              0.47235140204429626,
              0.31824877858161926,
              0.662560760974884
            ],
            [
              0.45858949422836304,
              0.2119288295507431,
              0.2772151529788971,
              0.24082082509994507,
              0.24860826134681702,
              0.374217689037323,
              1.0,
              0.29465463757514954,
              0.2938283085823059,
              0.18604397773742676,
              0.4149605631828308
            ],
            [
              0.5172352194786072,
              0.32225826382637024,
              0.4145089387893677,
              0.460523784160614,
              0.2501904368400574,
              0.4195215702056885,
              0.29465463757514954,
              1.0,
              0.27450868487358093,
              0.27253347635269165,
              0.3865063190460205
            ],
            [
              0.4618147909641266,
              0.27745693922042847,
              0.20595623552799225,
              0.32572489976882935,
              0.5024566054344177,
              0.47235140204429626,
              0.2938283085823059,
              0.27450868487358093,
              1.0,
              0.5,
              0.5024685859680176
            ],
            [
              0.38865840435028076,
              0.19308100640773773,
              0.556164026260376,
              0.3073120415210724,
              0.26667821407318115,
              0.31824877858161926,
              0.18604397773742676,
              0.27253347635269165,
              0.5,
              1.0,
              0.3429461717605591
            ],
            [
              0.5273663997650146,
              0.394336074590683,
              0.31087493896484375,
              0.4485764801502228,
              0.4199284613132477,
              0.662560760974884,
              0.4149605631828308,
              0.3865063190460205,
              0.5024685859680176,
              0.3429461717605591,
              1.0
            ]
          ]
        }
      },
      "funding": {
        "before_count": 19,
        "after_count": 19,
        "reduction": 0,
        "reduction_rate": 0.0,
        "clusters": [],
        "total_clusters": 19,
        "clustered_keywords": 0,
        "similarity_matrix": {
          "keywords": [
            "PE",
            "VC",
            "个人付费",
            "企业合作",
            "会员",
            "多元化",
            "广告",
            "投资",
            "政府拨款",
            "数据服务费",
            "母公司注资",
            "流量变现",
            "游戏",
            "用户交易佣金",
            "用户支持",
            "电商",
            "股东",
            "股票市场",
            "自创收"
          ],
          "matrix": [
            [
              1.0,
              0.6687456965446472,
              0.42532023787498474,
              0.3957361876964569,
              0.6237561702728271,
              0.38646405935287476,
              0.48917633295059204,
              0.5177422761917114,
              0.3558596670627594,
              0.12952762842178345,
              0.5301023721694946,
              0.3102722465991974,
              0.5642735958099365,
              0.28759831190109253,
              0.4141899049282074,
              0.47398707270622253,
              0.49597036838531494,
              0.3863541781902313,
              0.5838262438774109
            ],
            [
              0.6687456965446472,
              1.0,
              0.28060948848724365,
              0.34289664030075073,
              0.5029140114784241,
              0.3087778091430664,
              0.4032335877418518,
              0.3926912546157837,
              0.2091248631477356,
              0.10508020222187042,
              0.34636765718460083,
              0.24659080803394318,
              0.45704805850982666,
              0.15764352679252625,
              0.3008461892604828,
              0.3367127478122711,
              0.3895088732242584,
              0.2440159171819687,
              0.3610123097896576
            ],
            [
              0.42532023787498474,
              0.28060948848724365,
              1.0,
              0.35546308755874634,
              0.44524794816970825,
              0.1758238673210144,
              0.3142889738082886,
              0.3903425335884094,
              0.5361762642860413,
              0.478121817111969,
              0.6409966945648193,
              0.22028744220733643,
              0.28795650601387024,
              0.5500661134719849,
              0.37734872102737427,
              0.41377711296081543,
              0.4830569922924042,
              0.23649005591869354,
              0.43785345554351807
            ],
            [
              0.3957361876964569,
              0.34289664030075073,
              0.35546308755874634,
              1.0,
              0.5578747987747192,
              0.3947940766811371,
              0.4098997712135315,
              0.47946271300315857,
              0.4006660282611847,
              0.17321382462978363,
              0.5136218070983887,
              0.23502133786678314,
              0.3630375862121582,
              0.34309789538383484,
              0.33375853300094604,
              0.6294578313827515,
              0.5959768891334534,
              0.3160131573677063,
              0.327989786863327
            ],
            [
              0.6237561702728271,
              0.5029140114784241,
              0.44524794816970825,
              0.5578747987747192,
              1.0,
              0.4148058295249939,
              0.42868390679359436,
              0.3534987270832062,
              0.4118369221687317,
              0.19101910293102264,
              0.5087262988090515,
              0.2279147058725357,
              0.5520281195640564,
              0.44078272581100464,
              0.5776151418685913,
              0.39361441135406494,
              0.6010701656341553,
              0.3075506091117859,
              0.539535403251648
            ],
            [
              0.38646405935287476,
              0.3087778091430664,
              0.1758238673210144,
              0.3947940766811371,
              0.4148058295249939,
              1.0,
              0.26199227571487427,
              0.26122963428497314,
              0.2179715484380722,
              0.06023500859737396,
              0.25788190960884094,
              0.2829524874687195,
              0.32583358883857727,
              0.0634884387254715,
              0.13726866245269775,
              0.39524734020233154,
              0.24486900866031647,
              0.24202308058738708,
              0.3664003610610962
            ],
            [
              0.48917633295059204,
              0.4032335877418518,
              0.3142889738082886,
              0.4098997712135315,
              0.42868390679359436,
              0.26199227571487427,
              1.0,
              0.385282039642334,
              0.2519000172615051,
              0.14034119248390198,
              0.3979051113128662,
              0.3668035566806793,
              0.4615369439125061,
              0.3838995397090912,
              0.3281136155128479,
              0.6642127633094788,
              0.47122645378112793,
              0.4136863648891449,
              0.31893160939216614
            ],
            [
              0.5177422761917114,
              0.3926912546157837,
              0.3903425335884094,
              0.47946271300315857,
              0.3534987270832062,
              0.26122963428497314,
              0.385282039642334,
              1.0,
              0.4908726215362549,
              0.2008543163537979,
              0.6095436215400696,
              0.22217576205730438,
              0.342690646648407,
              0.21409666538238525,
              0.22262385487556458,
              0.5467581748962402,
              0.6275545954704285,
              0.5561224818229675,
              0.38080066442489624
            ],
            [
              0.3558596670627594,
              0.2091248631477356,
              0.5361762642860413,
              0.4006660282611847,
              0.4118369221687317,
              0.2179715484380722,
              0.2519000172615051,
              0.4908726215362549,
              1.0,
              0.4687998592853546,
              0.5715721845626831,
              0.1766471117734909,
              0.15396234393119812,
              0.1961022913455963,
              0.3332045078277588,
              0.2894514799118042,
              0.32981395721435547,
              0.24227164685726166,
              0.31063276529312134
            ],
            [
              0.12952762842178345,
              0.10508020222187042,
              0.478121817111969,
              0.17321382462978363,
              0.19101910293102264,
              0.06023500859737396,
              0.14034119248390198,
              0.2008543163537979,
              0.4687998592853546,
              1.0,
              0.2470749169588089,
              0.27089715003967285,
              0.05085662752389908,
              0.4074966311454773,
              0.3750843405723572,
              0.24970084428787231,
              0.13137152791023254,
              0.1776493787765503,
              0.05199539288878441
            ],
            [
              0.5301023721694946,
              0.34636765718460083,
              0.6409966945648193,
              0.5136218070983887,
              0.5087262988090515,
              0.25788190960884094,
              0.3979051113128662,
              0.6095436215400696,
              0.5715721845626831,
              0.2470749169588089,
              1.0,
              0.26835840940475464,
              0.36034291982650757,
              0.4067385196685791,
              0.29588526487350464,
              0.5733415484428406,
              0.689021110534668,
              0.4606870412826538,
              0.49943774938583374
            ],
            [
              0.3102722465991974,
              0.24659080803394318,
              0.22028744220733643,
              0.23502133786678314,
              0.2279147058725357,
              0.2829524874687195,
              0.3668035566806793,
              0.22217576205730438,
              0.1766471117734909,
              0.27089715003967285,
              0.26835840940475464,
              1.0,
              0.2737686336040497,
              0.29778897762298584,
              0.12245658040046692,
              0.46209144592285156,
              0.18211251497268677,
              0.3802019953727722,
              0.2168450951576233
            ],
            [
              0.5642735958099365,
              0.45704805850982666,
              0.28795650601387024,
              0.3630375862121582,
              0.5520281195640564,
              0.32583358883857727,
              0.4615369439125061,
              0.342690646648407,
              0.15396234393119812,
              0.05085662752389908,
              0.36034291982650757,
              0.2737686336040497,
              1.0,
              0.3428158462047577,
              0.33681392669677734,
              0.4445441961288452,
              0.40245044231414795,
              0.27943599224090576,
              0.48337846994400024
            ],
            [
              0.28759831190109253,
              0.15764352679252625,
              0.5500661134719849,
              0.34309789538383484,
              0.44078272581100464,
              0.0634884387254715,
              0.3838995397090912,
              0.21409666538238525,
              0.1961022913455963,
              0.4074966311454773,
              0.4067385196685791,
              0.29778897762298584,
              0.3428158462047577,
              1.0,
              0.6457321643829346,
              0.49160236120224,
              0.48236796259880066,
              0.3461362421512604,
              0.28742745518684387
            ],
            [
              0.4141899049282074,
              0.3008461892604828,
              0.37734872102737427,
              0.33375853300094604,
              0.5776151418685913,
              0.13726866245269775,
              0.3281136155128479,
              0.22262385487556458,
              0.3332045078277588,
              0.3750843405723572,
              0.29588526487350464,
              0.12245658040046692,
              0.33681392669677734,
              0.6457321643829346,
              1.0,
              0.2734281122684479,
              0.3536902368068695,
              0.18449760973453522,
              0.38829588890075684
            ],
            [
              0.47398707270622253,
              0.3367127478122711,
              0.41377711296081543,
              0.6294578313827515,
              0.39361441135406494,
              0.39524734020233154,
              0.6642127633094788,
              0.5467581748962402,
              0.2894514799118042,
              0.24970084428787231,
              0.5733415484428406,
              0.46209144592285156,
              0.4445441961288452,
              0.49160236120224,
              0.2734281122684479,
              1.0,
              0.6335834264755249,
              0.5798052549362183,
              0.3299899101257324
            ],
            [
              0.49597036838531494,
              0.3895088732242584,
              0.4830569922924042,
              0.5959768891334534,
              0.6010701656341553,
              0.24486900866031647,
              0.47122645378112793,
              0.6275545954704285,
              0.32981395721435547,
              0.13137152791023254,
              0.689021110534668,
              0.18211251497268677,
              0.40245044231414795,
              0.48236796259880066,
              0.3536902368068695,
              0.6335834264755249,
              1.0,
              0.5821927785873413,
              0.4312049150466919
            ],
            [
              0.3863541781902313,
              0.2440159171819687,
              0.23649005591869354,
              0.3160131573677063,
              0.3075506091117859,
              0.24202308058738708,
              0.4136863648891449,
              0.5561224818229675,
              0.24227164685726166,
              0.1776493787765503,
              0.4606870412826538,
              0.3802019953727722,
              0.27943599224090576,
              0.3461362421512604,
              0.18449760973453522,
              0.5798052549362183,
              0.5821927785873413,
              1.0,
              0.2541947066783905
            ],
            [
              0.5838262438774109,
              0.3610123097896576,
              0.43785345554351807,
              0.327989786863327,
              0.539535403251648,
              0.3664003610610962,
              0.31893160939216614,
              0.38080066442489624,
              0.31063276529312134,
              0.05199539288878441,
              0.49943774938583374,
              0.2168450951576233,
              0.48337846994400024,
              0.28742745518684387,
              0.38829588890075684,
              0.3299899101257324,
              0.4312049150466919,
              0.2541947066783905,
              1.0
            ]
          ]
        }
      },
      "political_stance": {
        "before_count": 18,
        "after_count": 18,
        "reduction": 0,
        "reduction_rate": 0.0,
        "clusters": [],
        "total_clusters": 18,
        "clustered_keywords": 0,
        "similarity_matrix": {
          "keywords": [
            "中国大陆",
            "中立",
            "亲中",
            "亲商业",
            "亲资本",
            "传统主义",
            "保守派",
            "商业媒体",
            "官方",
            "强调自主创新",
            "批判性",
            "技术导向",
            "支持加密货币",
            "支持隐私保护与创新",
            "无明显倾向",
            "民族主义",
            "符合社会主义核心价值观",
            "非政治化"
          ],
          "matrix": [
            [
              1.0,
              0.30879664421081543,
              0.3487687110900879,
              0.37896373867988586,
              0.33467569947242737,
              0.2528635859489441,
              0.2516629993915558,
              0.26474618911743164,
              0.3863798677921295,
              0.12985312938690186,
              0.2672692537307739,
              0.25326889753341675,
              0.16680121421813965,
              0.08274893462657928,
              0.21196983754634857,
              0.3591448962688446,
              0.2631659209728241,
              0.3096023499965668
            ],
            [
              0.30879664421081543,
              1.0,
              0.4255698323249817,
              0.4253928065299988,
              0.4835394024848938,
              0.39020517468452454,
              0.4759386479854584,
              0.35999804735183716,
              0.5786377191543579,
              0.28726792335510254,
              0.6104625463485718,
              0.36544471979141235,
              0.42129188776016235,
              0.42876046895980835,
              0.4805249571800232,
              0.41059407591819763,
              0.41302376985549927,
              0.6212867498397827
            ],
            [
              0.3487687110900879,
              0.4255698323249817,
              1.0,
              0.5711778998374939,
              0.4942396581172943,
              0.4513799250125885,
              0.3337525427341461,
              0.3037565350532532,
              0.6531528234481812,
              0.20654934644699097,
              0.48974519968032837,
              0.3068254590034485,
              0.17596442997455597,
              0.1382194459438324,
              0.4905967116355896,
              0.40932655334472656,
              0.27244091033935547,
              0.33154693245887756
            ],
            [
              0.37896373867988586,
              0.4253928065299988,
              0.5711778998374939,
              1.0,
              0.6567873954772949,
              0.4040767252445221,
              0.35526442527770996,
              0.6002095937728882,
              0.5866344571113586,
              0.467378705739975,
              0.4162183403968811,
              0.5102941393852234,
              0.21119381487369537,
              0.30202922224998474,
              0.3676888346672058,
              0.3058614432811737,
              0.3346315026283264,
              0.37424781918525696
            ],
            [
              0.33467569947242737,
              0.4835394024848938,
              0.4942396581172943,
              0.6567873954772949,
              1.0,
              0.3271844685077667,
              0.3516440987586975,
              0.4196450114250183,
              0.6079000234603882,
              0.4052446782588959,
              0.5232977271080017,
              0.43531596660614014,
              0.3477362096309662,
              0.335342139005661,
              0.26940613985061646,
              0.41246482729911804,
              0.4697709381580353,
              0.4439243972301483
            ],
            [
              0.2528635859489441,
              0.39020517468452454,
              0.4513799250125885,
              0.4040767252445221,
              0.3271844685077667,
              1.0,
              0.4442642629146576,
              0.23955892026424408,
              0.40056583285331726,
              0.2762818932533264,
              0.37431463599205017,
              0.290134996175766,
              0.13122230768203735,
              0.19118498265743256,
              0.35886436700820923,
              0.5840293765068054,
              0.40082138776779175,
              0.48960232734680176
            ],
            [
              0.2516629993915558,
              0.4759386479854584,
              0.3337525427341461,
              0.35526442527770996,
              0.3516440987586975,
              0.4442642629146576,
              1.0,
              0.25551459193229675,
              0.3018464744091034,
              0.2393779456615448,
              0.4026309549808502,
              0.2558344304561615,
              0.14055724442005157,
              0.2084822654724121,
              0.2789545953273773,
              0.48680245876312256,
              0.5467205047607422,
              0.5581873655319214
            ],
            [
              0.26474618911743164,
              0.35999804735183716,
              0.3037565350532532,
              0.6002095937728882,
              0.4196450114250183,
              0.23955892026424408,
              0.25551459193229675,
              1.0,
              0.4630661904811859,
              0.32719331979751587,
              0.35384657979011536,
              0.4825376868247986,
              0.22723829746246338,
              0.3760615885257721,
              0.2412845343351364,
              0.17744387686252594,
              0.18430818617343903,
              0.3767976760864258
            ],
            [
              0.3863798677921295,
              0.5786377191543579,
              0.6531528234481812,
              0.5866344571113586,
              0.6079000234603882,
              0.40056583285331726,
              0.3018464744091034,
              0.4630661904811859,
              1.0,
              0.2740180790424347,
              0.6167935132980347,
              0.45857954025268555,
              0.3329702317714691,
              0.28619346022605896,
              0.4640086591243744,
              0.3956874907016754,
              0.31158146262168884,
              0.4257577657699585
            ],
            [
              0.12985312938690186,
              0.28726792335510254,
              0.20654934644699097,
              0.467378705739975,
              0.4052446782588959,
              0.2762818932533264,
              0.2393779456615448,
              0.32719331979751587,
              0.2740180790424347,
              1.0,
              0.32701435685157776,
              0.6102443933486938,
              0.21246284246444702,
              0.5246765613555908,
              0.19967955350875854,
              0.30631840229034424,
              0.3449476957321167,
              0.32563313841819763
            ],
            [
              0.2672692537307739,
              0.6104625463485718,
              0.48974519968032837,
              0.4162183403968811,
              0.5232977271080017,
              0.37431463599205017,
              0.4026309549808502,
              0.35384657979011536,
              0.6167935132980347,
              0.32701435685157776,
              1.0,
              0.47729048132896423,
              0.2856524586677551,
              0.3594149351119995,
              0.3891890048980713,
              0.38698312640190125,
              0.404379278421402,
              0.4625447392463684
            ],
            [
              0.25326889753341675,
              0.36544471979141235,
              0.3068254590034485,
              0.5102941393852234,
              0.43531596660614014,
              0.290134996175766,
              0.2558344304561615,
              0.4825376868247986,
              0.45857954025268555,
              0.6102443933486938,
              0.47729048132896423,
              1.0,
              0.2634229063987732,
              0.4202605187892914,
              0.23526032269001007,
              0.296711802482605,
              0.2807801067829132,
              0.3183703124523163
            ],
            [
              0.16680121421813965,
              0.42129188776016235,
              0.17596442997455597,
              0.21119381487369537,
              0.3477362096309662,
              0.13122230768203735,
              0.14055724442005157,
              0.22723829746246338,
              0.3329702317714691,
              0.21246284246444702,
              0.2856524586677551,
              0.2634229063987732,
              1.0,
              0.6355618238449097,
              0.16676448285579681,
              0.11441102623939514,
              0.241873100399971,
              0.22827662527561188
            ],
            [
              0.08274893462657928,
              0.42876046895980835,
              0.1382194459438324,
              0.30202922224998474,
              0.335342139005661,
              0.19118498265743256,
              0.2084822654724121,
              0.3760615885257721,
              0.28619346022605896,
              0.5246765613555908,
              0.3594149351119995,
              0.4202605187892914,
              0.6355618238449097,
              1.0,
              0.0737755075097084,
              0.15331245958805084,
              0.2398122400045395,
              0.2764950394630432
            ],
            [
              0.21196983754634857,
              0.4805249571800232,
              0.4905967116355896,
              0.3676888346672058,
              0.26940613985061646,
              0.35886436700820923,
              0.2789545953273773,
              0.2412845343351364,
              0.4640086591243744,
              0.19967955350875854,
              0.3891890048980713,
              0.23526032269001007,
              0.16676448285579681,
              0.0737755075097084,
              1.0,
              0.2960606515407562,
              0.18843546509742737,
              0.49709662795066833
            ],
            [
              0.3591448962688446,
              0.41059407591819763,
              0.40932655334472656,
              0.3058614432811737,
              0.41246482729911804,
              0.5840293765068054,
              0.48680245876312256,
              0.17744387686252594,
              0.3956874907016754,
              0.30631840229034424,
              0.38698312640190125,
              0.296711802482605,
              0.11441102623939514,
              0.15331245958805084,
              0.2960606515407562,
              1.0,
              0.48194625973701477,
              0.5973436832427979
            ],
            [
              0.2631659209728241,
              0.41302376985549927,
              0.27244091033935547,
              0.3346315026283264,
              0.4697709381580353,
              0.40082138776779175,
              0.5467205047607422,
              0.18430818617343903,
              0.31158146262168884,
              0.3449476957321167,
              0.404379278421402,
              0.2807801067829132,
              0.241873100399971,
              0.2398122400045395,
              0.18843546509742737,
              0.48194625973701477,
              1.0,
              0.548285961151123
            ],
            [
              0.3096023499965668,
              0.6212867498397827,
              0.33154693245887756,
              0.37424781918525696,
              0.4439243972301483,
              0.48960232734680176,
              0.5581873655319214,
              0.3767976760864258,
              0.4257577657699585,
              0.32563313841819763,
              0.4625447392463684,
              0.3183703124523163,
              0.22827662527561188,
              0.2764950394630432,
              0.49709662795066833,
              0.5973436832427979,
              0.548285961151123,
              1.0
            ]
          ]
        }
      },
      "content_domain": {
        "before_count": 31,
        "after_count": 30,
        "reduction": 1,
        "reduction_rate": 3.225806451612903,
        "clusters": [
          {
            "representative": "数码",
            "members": [
              "云计算",
              "数码"
            ],
            "size": 2
          }
        ],
        "total_clusters": 30,
        "clustered_keywords": 1,
        "similarity_matrix": {
          "keywords": [
            "IT",
            "中关村",
            "云计算",
            "互联网",
            "产业",
            "人工智能",
            "充电设备",
            "加密货币",
            "区块链技术",
            "历史",
            "市场分析",
            "房地产行业新闻",
            "投资",
            "政策解读",
            "教育",
            "数码",
            "文化",
            "新能源",
            "新闻",
            "旅游",
            "时事",
            "智能家居",
            "智能手机",
            "服务",
            "游戏",
            "生活方式",
            "电脑",
            "航空",
            "评论分析",
            "跨境企业",
            "软件"
          ],
          "matrix": [
            [
              1.0,
              0.5856248736381531,
              0.6085926294326782,
              0.49431413412094116,
              0.6019359827041626,
              0.5646814703941345,
              0.28307873010635376,
              0.3638913333415985,
              0.34661075472831726,
              0.5362255573272705,
              0.3738602101802826,
              0.3173519968986511,
              0.43941348791122437,
              0.482761025428772,
              0.4528491199016571,
              0.6740259528160095,
              0.45893311500549316,
              0.3901901841163635,
              0.5810564756393433,
              0.6129612922668457,
              0.6021032929420471,
              0.44494664669036865,
              0.3781489133834839,
              0.5684135556221008,
              0.598372757434845,
              0.5346958041191101,
              0.48327016830444336,
              0.511551022529602,
              0.5004898309707642,
              0.2806222438812256,
              0.576425313949585
            ],
            [
              0.5856248736381531,
              1.0,
              0.4903191030025482,
              0.3571680188179016,
              0.4659370481967926,
              0.3223704695701599,
              0.21553339064121246,
              0.31626075506210327,
              0.19764210283756256,
              0.5380313992500305,
              0.21327565610408783,
              0.33536988496780396,
              0.30869752168655396,
              0.3659067451953888,
              0.3748948276042938,
              0.5575342178344727,
              0.5436739921569824,
              0.2909073531627655,
              0.5493849515914917,
              0.6667868494987488,
              0.5336846709251404,
              0.45481380820274353,
              0.3293582499027252,
              0.46359437704086304,
              0.539168655872345,
              0.5145758986473083,
              0.28873932361602783,
              0.5170474052429199,
              0.340779185295105,
              0.32618677616119385,
              0.27770838141441345
            ],
            [
              0.6085926294326782,
              0.4903191030025482,
              1.0,
              0.625749945640564,
              0.46562400460243225,
              0.5625494718551636,
              0.26392972469329834,
              0.4107741713523865,
              0.5577629208564758,
              0.35955822467803955,
              0.2824569344520569,
              0.2940380275249481,
              0.27967220544815063,
              0.3230999708175659,
              0.32057222723960876,
              0.7033008337020874,
              0.29711416363716125,
              0.42465803027153015,
              0.4876439571380615,
              0.4715684652328491,
              0.4749283790588379,
              0.5046426653862,
              0.3774900436401367,
              0.49161291122436523,
              0.46900495886802673,
              0.4164675176143646,
              0.606173574924469,
              0.4939892888069153,
              0.3527623414993286,
              0.3056132197380066,
              0.5846380591392517
            ],
            [
              0.49431413412094116,
              0.3571680188179016,
              0.625749945640564,
              1.0,
              0.4671899080276489,
              0.4971405863761902,
              0.29449909925460815,
              0.4685511887073517,
              0.5552433133125305,
              0.3157009184360504,
              0.28488174080848694,
              0.2911238372325897,
              0.2993558347225189,
              0.24479596316814423,
              0.38379478454589844,
              0.6697083115577698,
              0.25505831837654114,
              0.36061570048332214,
              0.4468899071216583,
              0.4069022834300995,
              0.3932710886001587,
              0.4564405083656311,
              0.5226110219955444,
              0.4482497274875641,
              0.3663083612918854,
              0.345049649477005,
              0.602864146232605,
              0.39456507563591003,
              0.3106757402420044,
              0.3519020974636078,
              0.4723832905292511
            ],
            [
              0.6019359827041626,
