{
  "encoding_mapping": {
    "ownership": {
      "美国私营企业": "民营",
      "私营": "民营",
      "商业机构": "商业",
      "商业公司": "商业",
      "党委主管": "事业单位",
      "私人": "民营",
      "企业所有": "商业",
      "国有企业": "个人",
      "国有": "个人",
      "民营企业": "民营",
      "科技媒体": "独立媒体",
      "商业所有": "商业",
      "个人所有": "个人",
      "独立机构": "独立",
      "混合所有制": "混合",
      "私营企业": "民营",
      "私有资本": "私有",
      "私有": "个人",
      "政府背景企业": "事业单位",
      "官方": "国有",
      "事业单位": "商业",
      "国有控股": "个人",
      "独立运营": "独立",
      "非公有制": "个人",
      "企业办的媒体": "独立媒体",
      "外资成分": "外资"
    },
    "funding": {
      "会员费": "会员",
      "广告收入": "广告",
      "商业支持": "企业合作",
      "产品销售": "销售",
      "联盟": "会员",
      "资本市场": "市场业务",
      "内容付费": "个人付费",
      "订阅": "会员",
      "风险投资": "投资",
      "市场广告": "广告",
      "商业投资": "投资",
      "多元化收入": "多元化",
      "商业合作": "企业合作",
      "会员订阅": "会员",
      "企业赞助": "企业合作",
      "商业广告": "广告",
      "市场业务": "销售",
      "销售": "股东",
      "官方广告": "广告",
      "企业服务": "企业合作",
      "发行": "PE",
      "电商导购": "电商",
      "增值服务": "企业服务",
      "投资机构": "投资",
      "活动赞助": "赞助",
      "广告、赞助、技术合作伙伴、订阅服务": "广告、企业赞助、会员订阅",
      "品牌合作": "电商",
      "内容赞助": "赞助",
      "技术合作": "企业合作",
      "赞助": "会员",
      "广告、企业赞助、会员订阅": "广告"
    },
    "political_stance": {
      "温和中立": "中立",
      "市场导向": "亲商业",
      "中间偏官方": "官方",
      "官方立场": "官方",
      "亲政府": "官方",
      "官方媒体": "官方",
      "支持中国共产党": "中国大陆",
      "市场化": "亲商业",
      "亲市场": "亲商业",
      "自由主义": "保守派",
      "官方认可": "官方",
      "科技中立": "中立",
      "左翼": "左倾",
      "进步主义": "左倾",
      "中间偏左": "左倾",
      "商业导向": "亲商业",
      "中间": "中立",
      "右": "右倾",
      "左倾": "右倾",
      "保守主义": "右倾",
      "自由市场": "自由主义",
      "支持国家科技发展": "技术导向",
      "右倾": "亲中"
    },
    "content_domain": {
      "私募": "投资",
      "风险投资": "投资",
      "科技产品": "科技",
      "科技数码": "数码",
      "金融": "投资",
      "财经": "产业",
      "本地新闻": "新闻",
      "证券": "投资",
      "新闻通讯": "新闻",
      "时事评论": "时事",
      "国际新闻": "新闻",
      "科技": "数码",
      "硬件": "电脑",
      "科技产品评测": "科技",
      "商业": "创业",
      "操作系统": "电脑",
      "股票": "投资",
      "时事政治": "时事",
      "创新": "创业",
      "创业": "产业",
      "综合门户": "中关村",
      "IT资讯": "IT",
      "社会议题": "社会",
      "时政新闻": "时事",
      "市场分析": "产业",
      "行业分析": "产业",
      "新闻资讯": "新闻",
      "技术开发": "科技",
      "投资分析": "投资",
      "社会观察": "社会",
      "新闻媒体": "新闻",
      "数码产品": "数码",
      "科技新闻、科技趋势、产品评测": "科技",
      "经济": "产业",
      "电商": "创业",
      "软件开发": "软件",
      "社会": "文化",
      "云计算": "数码"
    },
    "location": {
      "总部美国": "美国",
      "杭州": "中国",
      "香港": "中国",
      "中国大陆": "中国",
      "中国西部": "中国",
      "北京": "中国",
      "中国中部": "中国",
      "中国上海": "中国",
      "中国境内": "中国",
      "中文市场": "中国"
    },
    "target_audience": {
      "企业用户": "消费者",
      "科技行业从业者": "技术经理",
      "投资者": "投资人",
      "金融从业者": "投资人",
      "本地网民": "大众网民",
      "数码产品用户": "消费者",
      "数码消费者": "消费者",
      "中国大陆网民": "中国投资者",
      "对时事和科技感兴趣的用户": "技术爱好者",
      "财经从业者": "投资人",
      "普通网民": "大众网民",
      "投资者和财经专业人士": "投资人",
      "中国商务人士": "中国投资者",
      "企业高管": "创业者",
      "企业人士": "创业者",
      "中文互联网用户": "中国投资者",
      "科技爱好者": "技术经理",
      "互联网用户": "大众网民",
      "科技从业者、投资者、环保人士": "科技从业者",
      "科技从业者": "技术经理",
      "房地产从业者、投资者": "投资人",
      "关注时事政治的人群": "关注时事的读者",
      "关注时事政治的读者群体": "关注时事的读者",
      "中国投资者": "投资人",
      "中国开发者": "开发者",
      "关注时事的政治读者": "关注时事的读者",
      "普通科技用户": "科技从业者",
      "科技爱好者、IT从业者、企业技术决策者": "技术经理",
      "广泛网民": "大众网民",
      "技术爱好者": "技术经理",
      "IT专业人士": "IT从业者"
    },
    "category": {
      "财经科技媒体": "科技媒体",
      "科技博客": "科技媒体",
      "财经报纸": "日报",
      "新闻网站": "新闻媒体",
      "新闻评论": "新闻媒体",
      "新闻媒体": "日报",
      "综合新闻媒体": "日报",
      "综合新闻门户": "日报",
      "网络媒体": "新闻媒体",
      "商业财经媒体": "财经媒体",
      "财经媒体": "新闻媒体",
      "商业新闻媒体": "新闻媒体",
      "科技媒体": "新闻媒体",
      "行业媒体": "新闻媒体",
      "行业垂直媒体": "垂直媒体",
      "财经科技平台": "科技公司",
      "新闻门户网站": "新闻媒体",
      "综合科技媒体": "新闻媒体",
      "评论媒体": "新闻媒体",
      "科技新闻媒体": "新闻媒体",
      "科技资讯": "科技媒体",
      "新闻机构": "新闻媒体",
      "多媒体平台": "科技媒体",
      "科技商业媒体": "科技媒体",
      "科技资讯类媒体": "新闻媒体",
      "科技垂直媒体": "垂直媒体",
      "新闻评论类媒体": "新闻媒体",
      "综合新闻网站": "新闻媒体",
      "综合互联网媒体": "科技媒体"
    }
  },
  "last_clustering_stats": {
    "timestamp": "2025-11-19T19:28:12.432379",
    "fields": {
      "ownership": {
        "before_count": 11,
        "after_count": 11,
        "reduction": 0,
        "reduction_rate": 0.0,
        "clusters": [],
        "total_clusters": 11,
        "clustered_keywords": 0,
        "similarity_matrix": {
          "keywords": [
            "个人",
            "中国",
            "内容团队",
            "商业",
            "国内资本",
            "外资",
            "民营",
            "混合",
            "独立",
            "独立媒体",
            "美国"
          ],
          "matrix": [
            [
              1.0,
              0.38892102241516113,
              0.43212616443634033,
              0.5417155027389526,
              0.351199209690094,
              0.5561867952346802,
              0.4585896134376526,
              0.5172351598739624,
              0.4618147611618042,
              0.38865846395492554,
              0.5273663401603699
            ],
            [
              0.38892102241516113,
              1.0,
              0.17200128734111786,
              0.45117688179016113,
              0.29116153717041016,
              0.5230676531791687,
              0.21192887425422668,
              0.3222584128379822,
              0.2774568200111389,
              0.19308090209960938,
              0.39433595538139343
            ],
            [
              0.43212616443634033,
              0.17200128734111786,
              1.0,
              0.4098042845726013,
              0.16827423870563507,
              0.303330659866333,
              0.2772151529788971,
              0.4145088195800781,
              0.20595628023147583,
              0.556164026260376,
              0.3108747899532318
            ],
            [
              0.5417155027389526,
              0.45117688179016113,
              0.4098042845726013,
              1.0,
              0.523914098739624,
              0.5154852867126465,
              0.24082081019878387,
              0.46052369475364685,
              0.32572486996650696,
              0.30731201171875,
              0.4485764503479004
            ],
            [
              0.351199209690094,
              0.29116153717041016,
              0.16827423870563507,
              0.523914098739624,
              1.0,
              0.3924872875213623,
              0.2486082911491394,
              0.2501904368400574,
              0.5024566650390625,
              0.26667824387550354,
              0.41992831230163574
            ],
            [
              0.5561867952346802,
              0.5230676531791687,
              0.303330659866333,
              0.5154852867126465,
              0.3924872875213623,
              1.0,
              0.374217689037323,
              0.4195215404033661,
              0.4723513126373291,
              0.3182487487792969,
              0.6625609397888184
            ],
            [
              0.4585896134376526,
              0.21192887425422668,
              0.2772151529788971,
              0.24082081019878387,
              0.2486082911491394,
              0.374217689037323,
              1.0,
              0.29465460777282715,
              0.29382839798927307,
              0.1860438883304596,
              0.4149605631828308
            ],
            [
              0.5172351598739624,
              0.3222584128379822,
              0.4145088195800781,
              0.46052369475364685,
              0.2501904368400574,
              0.4195215404033661,
              0.29465460777282715,
              1.0,
              0.27450865507125854,
              0.27253347635269165,
              0.38650643825531006
            ],
            [
              0.4618147611618042,
              0.2774568200111389,
              0.20595628023147583,
              0.32572486996650696,
              0.5024566650390625,
              0.4723513126373291,
              0.29382839798927307,
              0.27450865507125854,
              1.0,
              0.5,
              0.5024687647819519
            ],
            [
              0.38865846395492554,
              0.19308090209960938,
              0.556164026260376,
              0.30731201171875,
              0.26667824387550354,
              0.3182487487792969,
              0.1860438883304596,
              0.27253347635269165,
              0.5,
              1.0,
              0.342946320772171
            ],
            [
              0.5273663401603699,
              0.39433595538139343,
              0.3108747899532318,
              0.4485764503479004,
              0.41992831230163574,
              0.6625609397888184,
              0.4149605631828308,
              0.38650643825531006,
              0.5024687647819519,
              0.342946320772171,
              1.0
            ]
          ]
        }
      },
      "funding": {
        "before_count": 19,
        "after_count": 19,
        "reduction": 0,
        "reduction_rate": 0.0,
        "clusters": [],
        "total_clusters": 19,
        "clustered_keywords": 0,
        "similarity_matrix": {
          "keywords": [
            "PE",
            "VC",
            "个人付费",
            "企业合作",
            "会员",
            "多元化",
            "广告",
            "投资",
            "政府拨款",
            "数据服务费",
            "母公司注资",
            "流量变现",
            "游戏",
            "用户交易佣金",
            "用户支持",
            "电商",
            "股东",
            "股票市场",
            "自创收"
          ],
          "matrix": [
            [
              1.0,
              0.6687458157539368,
              0.42532041668891907,
              0.3957362771034241,
              0.6237561702728271,
              0.3864641785621643,
              0.4891761541366577,
              0.5177422761917114,
              0.3558597266674042,
              0.12952758371829987,
              0.5301024317741394,
              0.3102723956108093,
              0.564273476600647,
              0.2875983715057373,
              0.4141899347305298,
              0.4739872217178345,
              0.49597030878067017,
              0.386353999376297,
              0.5838261246681213
            ],
            [
              0.6687458157539368,
              1.0,
              0.2806094288825989,
              0.34289664030075073,
              0.5029140710830688,
              0.3087778091430664,
              0.4032336175441742,
              0.3926912844181061,
              0.20912480354309082,
              0.10508012771606445,
              0.3463677167892456,
              0.24659082293510437,
              0.457048237323761,
              0.15764357149600983,
              0.3008463382720947,
              0.3367127478122711,
              0.3895087242126465,
              0.24401596188545227,
              0.36101233959198
            ],
            [
              0.42532041668891907,
              0.2806094288825989,
              1.0,
              0.35546302795410156,
              0.4452480673789978,
              0.17582383751869202,
              0.3142889738082886,
              0.3903425335884094,
              0.5361762046813965,
              0.4781217575073242,
              0.6409966349601746,
              0.22028742730617523,
              0.28795644640922546,
              0.5500660538673401,
              0.37734875082969666,
              0.41377711296081543,
              0.4830569624900818,
              0.2364899218082428,
              0.4378535747528076
            ],
            [
              0.3957362771034241,
              0.34289664030075073,
              0.35546302795410156,
              1.0,
              0.5578747987747192,
              0.3947940170764923,
              0.4098997414112091,
              0.4794626235961914,
              0.4006659984588623,
              0.17321380972862244,
              0.5136216878890991,
              0.23502129316329956,
              0.3630375564098358,
              0.3430980443954468,
              0.33375847339630127,
              0.6294577717781067,
              0.5959770679473877,
              0.3160130977630615,
              0.32798993587493896
            ],
            [
              0.6237561702728271,
              0.5029140710830688,
              0.4452480673789978,
              0.5578747987747192,
              1.0,
              0.4148058295249939,
              0.4286838173866272,
              0.3534986972808838,
              0.4118368923664093,
              0.19101908802986145,
              0.5087264180183411,
              0.22791463136672974,
              0.5520280003547668,
              0.44078272581100464,
              0.5776151418685913,
              0.3936144709587097,
              0.6010701656341553,
              0.3075505793094635,
              0.539535403251648
            ],
            [
              0.3864641785621643,
              0.3087778091430664,
              0.17582383751869202,
              0.3947940170764923,
              0.4148058295249939,
              1.0,
              0.26199233531951904,
              0.26122960448265076,
              0.217971533536911,
              0.06023501977324486,
              0.25788190960884094,
              0.2829524874687195,
              0.32583361864089966,
              0.0634884238243103,
              0.13726870715618134,
              0.39524737000465393,
              0.24486909806728363,
              0.24202297627925873,
              0.3664005398750305
            ],
            [
              0.4891761541366577,
              0.4032336175441742,
              0.3142889738082886,
              0.4098997414112091,
              0.4286838173866272,
              0.26199233531951904,
              1.0,
              0.38528206944465637,
              0.2519000172615051,
              0.14034125208854675,
              0.3979050815105438,
              0.36680349707603455,
              0.46153706312179565,
              0.3838995099067688,
              0.3281136155128479,
              0.6642128229141235,
              0.4712264835834503,
              0.4136865735054016,
              0.318931519985199
            ],
            [
              0.5177422761917114,
              0.3926912844181061,
              0.3903425335884094,
              0.4794626235961914,
              0.3534986972808838,
              0.26122960448265076,
              0.38528206944465637,
              1.0,
              0.49087268114089966,
              0.2008543312549591,
              0.6095438599586487,
              0.2221756875514984,
              0.3426905870437622,
              0.21409663558006287,
              0.222623810172081,
              0.5467584729194641,
              0.6275545358657837,
              0.5561224222183228,
              0.38080060482025146
            ],
            [
              0.3558597266674042,
              0.20912480354309082,
              0.5361762046813965,
              0.4006659984588623,
              0.4118368923664093,
              0.217971533536911,
              0.2519000172615051,
              0.49087268114089966,
              1.0,
              0.4687997102737427,
              0.5715723037719727,
              0.1766471266746521,
              0.1539623737335205,
              0.1961023360490799,
              0.33320459723472595,
              0.2894514799118042,
              0.329814076423645,
              0.24227166175842285,
              0.31063300371170044
            ],
            [
              0.12952758371829987,
              0.10508012771606445,
              0.4781217575073242,
              0.17321380972862244,
              0.19101908802986145,
              0.06023501977324486,
              0.14034125208854675,
              0.2008543312549591,
              0.4687997102737427,
              1.0,
              0.24707484245300293,
              0.27089712023735046,
              0.05085659772157669,
              0.40749651193618774,
              0.3750843405723572,
              0.2497008740901947,
              0.13137155771255493,
              0.17764922976493835,
              0.05199538543820381
            ],
            [
              0.5301024317741394,
              0.3463677167892456,
              0.6409966349601746,
              0.5136216878890991,
              0.5087264180183411,
              0.25788190960884094,
              0.3979050815105438,
              0.6095438599586487,
              0.5715723037719727,
              0.24707484245300293,
              1.0,
              0.26835840940475464,
              0.36034291982650757,
              0.4067385196685791,
              0.29588526487350464,
              0.5733416080474854,
              0.689021110534668,
              0.4606870412826538,
              0.4994378089904785
            ],
            [
              0.3102723956108093,
              0.24659082293510437,
              0.22028742730617523,
              0.23502129316329956,
              0.22791463136672974,
              0.2829524874687195,
              0.36680349707603455,
              0.2221756875514984,
              0.1766471266746521,
              0.27089712023735046,
              0.26835840940475464,
              1.0,
              0.2737686038017273,
              0.2977890074253082,
              0.12245655804872513,
              0.4620913863182068,
              0.18211261928081512,
              0.38020190596580505,
              0.2168450653553009
            ],
            [
              0.564273476600647,
              0.457048237323761,
              0.28795644640922546,
              0.3630375564098358,
              0.5520280003547668,
              0.32583361864089966,
              0.46153706312179565,
              0.3426905870437622,
              0.1539623737335205,
              0.05085659772157669,
              0.36034291982650757,
              0.2737686038017273,
              1.0,
              0.3428158760070801,
              0.3368139863014221,
              0.44454413652420044,
              0.4024503231048584,
              0.27943605184555054,
              0.48337849974632263
            ],
            [
              0.2875983715057373,
              0.15764357149600983,
              0.5500660538673401,
              0.3430980443954468,
              0.44078272581100464,
              0.0634884238243103,
              0.3838995099067688,
              0.21409663558006287,
              0.1961023360490799,
              0.40749651193618774,
              0.4067385196685791,
              0.2977890074253082,
              0.3428158760070801,
              1.0,
              0.6457321643829346,
              0.4916025400161743,
              0.48236799240112305,
              0.346136212348938,
              0.2874274253845215
            ],
            [
              0.4141899347305298,
              0.3008463382720947,
              0.37734875082969666,
              0.33375847339630127,
              0.5776151418685913,
              0.13726870715618134,
              0.3281136155128479,
              0.222623810172081,
              0.33320459723472595,
              0.3750843405723572,
              0.29588526487350464,
              0.12245655804872513,
              0.3368139863014221,
              0.6457321643829346,
              1.0,
              0.27342817187309265,
              0.35369011759757996,
              0.1844976246356964,
              0.38829582929611206
            ],
            [
              0.4739872217178345,
              0.3367127478122711,
              0.41377711296081543,
              0.6294577717781067,
              0.3936144709587097,
              0.39524737000465393,
              0.6642128229141235,
              0.5467584729194641,
              0.2894514799118042,
              0.2497008740901947,
              0.5733416080474854,
              0.4620913863182068,
              0.44454413652420044,
              0.4916025400161743,
              0.27342817187309265,
              1.0,
              0.6335835456848145,
              0.5798053741455078,
              0.3299899399280548
            ],
            [
              0.49597030878067017,
              0.3895087242126465,
              0.4830569624900818,
              0.5959770679473877,
              0.6010701656341553,
              0.24486909806728363,
              0.4712264835834503,
              0.6275545358657837,
              0.329814076423645,
              0.13137155771255493,
              0.689021110534668,
              0.18211261928081512,
              0.4024503231048584,
              0.48236799240112305,
              0.35369011759757996,
              0.6335835456848145,
              1.0,
              0.5821927785873413,
              0.4312048554420471
            ],
            [
              0.386353999376297,
              0.24401596188545227,
              0.2364899218082428,
              0.3160130977630615,
              0.3075505793094635,
              0.24202297627925873,
              0.4136865735054016,
              0.5561224222183228,
              0.24227166175842285,
              0.17764922976493835,
              0.4606870412826538,
              0.38020190596580505,
              0.27943605184555054,
              0.346136212348938,
              0.1844976246356964,
              0.5798053741455078,
              0.5821927785873413,
              1.0,
              0.2541947364807129
            ],
            [
              0.5838261246681213,
              0.36101233959198,
              0.4378535747528076,
              0.32798993587493896,
              0.539535403251648,
              0.3664005398750305,
              0.318931519985199,
              0.38080060482025146,
              0.31063300371170044,
              0.05199538543820381,
              0.4994378089904785,
              0.2168450653553009,
              0.48337849974632263,
              0.2874274253845215,
              0.38829582929611206,
              0.3299899399280548,
              0.4312048554420471,
              0.2541947364807129,
              1.0
            ]
          ]
        }
      },
      "political_stance": {
        "before_count": 18,
        "after_count": 18,
        "reduction": 0,
        "reduction_rate": 0.0,
        "clusters": [],
        "total_clusters": 18,
        "clustered_keywords": 0,
        "similarity_matrix": {
          "keywords": [
            "中国大陆",
            "中立",
            "亲中",
            "亲商业",
            "亲资本",
            "传统主义",
            "保守派",
            "商业媒体",
            "官方",
            "强调自主创新",
            "批判性",
            "技术导向",
            "支持加密货币",
            "支持隐私保护与创新",
            "无明显倾向",
            "民族主义",
            "符合社会主义核心价值观",
            "非政治化"
          ],
          "matrix": [
            [
              1.0,
              0.3087965250015259,
              0.3487687110900879,
              0.37896376848220825,
              0.3346756398677826,
              0.2528635859489441,
              0.2516629695892334,
              0.26474621891975403,
              0.3863798677921295,
              0.12985321879386902,
              0.26726919412612915,
              0.25326889753341675,
              0.16680118441581726,
              0.08274896442890167,
              0.21196985244750977,
              0.359144926071167,
              0.2631658911705017,
              0.30960237979888916
            ],
            [
              0.3087965250015259,
              1.0,
              0.4255698323249817,
              0.4253927767276764,
              0.4835394322872162,
              0.3902052044868469,
              0.47593867778778076,
              0.35999810695648193,
              0.5786377191543579,
              0.2872679829597473,
              0.6104624271392822,
              0.36544477939605713,
              0.42129167914390564,
              0.428760290145874,
              0.4805249571800232,
              0.41059422492980957,
              0.41302385926246643,
              0.6212867498397827
            ],
            [
              0.3487687110900879,
              0.4255698323249817,
              1.0,
              0.5711780190467834,
              0.49423956871032715,
              0.4513798952102661,
              0.33375245332717896,
              0.30375662446022034,
              0.6531529426574707,
              0.20654934644699097,
              0.4897450804710388,
              0.3068254590034485,
              0.17596445977687836,
              0.1382194459438324,
              0.4905967712402344,
              0.4093265235424042,
              0.2724408507347107,
              0.3315468728542328
            ],
            [
              0.37896376848220825,
              0.4253927767276764,
              0.5711780190467834,
              1.0,
              0.6567873954772949,
              0.4040766954421997,
              0.35526448488235474,
              0.600209653377533,
              0.5866342186927795,
              0.4673786759376526,
              0.4162184000015259,
              0.5102940797805786,
              0.21119381487369537,
              0.30202919244766235,
              0.36768877506256104,
              0.30586132407188416,
              0.33463141322135925,
              0.37424781918525696
            ],
            [
              0.3346756398677826,
              0.4835394322872162,
              0.49423956871032715,
              0.6567873954772949,
              1.0,
              0.3271844983100891,
              0.3516441583633423,
              0.4196450710296631,
              0.6078999042510986,
              0.40524473786354065,
              0.5232976675033569,
              0.4353158473968506,
              0.34773629903793335,
              0.3353421092033386,
              0.26940613985061646,
              0.41246485710144043,
              0.46977102756500244,
              0.44392457604408264
            ],
            [
              0.2528635859489441,
              0.3902052044868469,
              0.4513798952102661,
              0.4040766954421997,
              0.3271844983100891,
              1.0,
              0.4442642331123352,
              0.23955892026424408,
              0.40056562423706055,
              0.27628177404403687,
              0.37431448698043823,
              0.29013490676879883,
              0.13122227787971497,
              0.19118496775627136,
              0.35886436700820923,
              0.5840294361114502,
              0.4008212089538574,
              0.4896022379398346
            ],
            [
              0.2516629695892334,
              0.47593867778778076,
              0.33375245332717896,
              0.35526448488235474,
              0.3516441583633423,
              0.4442642331123352,
              1.0,
              0.25551462173461914,
              0.3018464148044586,
              0.2393779307603836,
              0.40263092517852783,
              0.2558344006538391,
              0.1405572146177292,
              0.20848235487937927,
              0.27895456552505493,
              0.4868023991584778,
              0.5467203855514526,
              0.5581874251365662
            ],
            [
              0.26474621891975403,
              0.35999810695648193,
              0.30375662446022034,
              0.600209653377533,
              0.4196450710296631,
              0.23955892026424408,
              0.25551462173461914,
              1.0,
              0.4630662202835083,
              0.3271932005882263,
              0.35384654998779297,
              0.4825376272201538,
              0.227238267660141,
              0.37606173753738403,
              0.24128451943397522,
              0.17744384706020355,
              0.18430817127227783,
              0.37679779529571533
            ],
            [
              0.3863798677921295,
              0.5786377191543579,
              0.6531529426574707,
              0.5866342186927795,
              0.6078999042510986,
              0.40056562423706055,
              0.3018464148044586,
              0.4630662202835083,
              1.0,
              0.2740180790424347,
              0.6167936325073242,
              0.4585795998573303,
              0.3329703211784363,
              0.2861934304237366,
              0.464008629322052,
              0.3956875205039978,
              0.311581552028656,
              0.42575791478157043
            ],
            [
              0.12985321879386902,
              0.2872679829597473,
              0.20654934644699097,
              0.4673786759376526,
              0.40524473786354065,
              0.27628177404403687,
              0.2393779307603836,
              0.3271932005882263,
              0.2740180790424347,
              1.0,
              0.3270142674446106,
              0.6102443933486938,
              0.21246278285980225,
              0.5246766209602356,
              0.19967958331108093,
              0.30631834268569946,
              0.3449475169181824,
              0.32563304901123047
            ],
            [
              0.26726919412612915,
              0.6104624271392822,
              0.4897450804710388,
              0.4162184000015259,
              0.5232976675033569,
              0.37431448698043823,
              0.40263092517852783,
              0.35384654998779297,
              0.6167936325073242,
              0.3270142674446106,
              1.0,
              0.47729045152664185,
              0.2856524586677551,
              0.3594149351119995,
              0.38918906450271606,
              0.38698306679725647,
              0.4043791592121124,
              0.46254485845565796
            ],
            [
              0.25326889753341675,
              0.36544477939605713,
              0.3068254590034485,
              0.5102940797805786,
              0.4353158473968506,
              0.29013490676879883,
              0.2558344006538391,
              0.4825376272201538,
              0.4585795998573303,
              0.6102443933486938,
              0.47729045152664185,
              1.0,
              0.2634229063987732,
              0.420260488986969,
              0.23526030778884888,
              0.296711802482605,
              0.2807800769805908,
              0.31837040185928345
            ],
            [
              0.16680118441581726,
              0.42129167914390564,
              0.17596445977687836,
              0.21119381487369537,
              0.34773629903793335,
              0.13122227787971497,
              0.1405572146177292,
              0.227238267660141,
              0.3329703211784363,
              0.21246278285980225,
              0.2856524586677551,
              0.2634229063987732,
              1.0,
              0.6355618238449097,
              0.16676446795463562,
              0.11441103368997574,
              0.24187302589416504,
              0.22827666997909546
            ],
            [
              0.08274896442890167,
              0.428760290145874,
              0.1382194459438324,
              0.30202919244766235,
              0.3353421092033386,
              0.19118496775627136,
              0.20848235487937927,
              0.37606173753738403,
              0.2861934304237366,
              0.5246766209602356,
              0.3594149351119995,
              0.420260488986969,
              0.6355618238449097,
              1.0,
              0.0737755224108696,
              0.15331247448921204,
              0.23981237411499023,
              0.2764950394630432
            ],
            [
              0.21196985244750977,
              0.4805249571800232,
              0.4905967712402344,
              0.36768877506256104,
              0.26940613985061646,
              0.35886436700820923,
              0.27895456552505493,
              0.24128451943397522,
              0.464008629322052,
              0.19967958331108093,
              0.38918906450271606,
              0.23526030778884888,
              0.16676446795463562,
              0.0737755224108696,
              1.0,
              0.29606062173843384,
              0.18843543529510498,
              0.4970964789390564
            ],
            [
              0.359144926071167,
              0.41059422492980957,
              0.4093265235424042,
              0.30586132407188416,
              0.41246485710144043,
              0.5840294361114502,
              0.4868023991584778,
              0.17744384706020355,
              0.3956875205039978,
              0.30631834268569946,
              0.38698306679725647,
              0.296711802482605,
              0.11441103368997574,
              0.15331247448921204,
              0.29606062173843384,
              1.0,
              0.48194628953933716,
              0.5973436832427979
            ],
            [
              0.2631658911705017,
              0.41302385926246643,
              0.2724408507347107,
              0.33463141322135925,
              0.46977102756500244,
              0.4008212089538574,
              0.5467203855514526,
              0.18430817127227783,
              0.311581552028656,
              0.3449475169181824,
              0.4043791592121124,
              0.2807800769805908,
              0.24187302589416504,
              0.23981237411499023,
              0.18843543529510498,
              0.48194628953933716,
              1.0,
              0.548285961151123
            ],
            [
              0.30960237979888916,
              0.6212867498397827,
              0.3315468728542328,
              0.37424781918525696,
              0.44392457604408264,
              0.4896022379398346,
              0.5581874251365662,
              0.37679779529571533,
              0.42575791478157043,
              0.32563304901123047,
              0.46254485845565796,
              0.31837040185928345,
              0.22827666997909546,
              0.2764950394630432,
              0.4970964789390564,
              0.5973436832427979,
              0.548285961151123,
              1.0
            ]
          ]
        }
      },
      "content_domain": {
        "before_count": 30,
        "after_count": 30,
        "reduction": 0,
        "reduction_rate": 0.0,
        "clusters": [],
        "total_clusters": 30,
        "clustered_keywords": 0,
        "similarity_matrix": {
          "keywords": [
            "IT",
            "中关村",
            "互联网",
            "产业",
            "人工智能",
            "充电设备",
            "加密货币",
            "区块链技术",
            "历史",
            "市场分析",
            "房地产行业新闻",
            "投资",
            "政策解读",
            "教育",
            "数码",
            "文化",
            "新能源",
            "新闻",
            "旅游",
            "时事",
            "智能家居",
            "智能手机",
            "服务",
            "游戏",
            "生活方式",
            "电脑",
            "航空",
            "评论分析",
            "跨境企业",
            "软件"
          ],
          "matrix": [
            [
              1.0,
              0.5856249332427979,
              0.4943142533302307,
              0.601935863494873,
              0.5646815299987793,
              0.28307870030403137,
              0.3638913035392761,
              0.3466107249259949,
              0.536225438117981,
              0.37386029958724976,
              0.3173521161079407,
              0.4394134283065796,
              0.48276084661483765,
              0.4528490900993347,
              0.6740260720252991,
              0.45893311500549316,
              0.3901901841163635,
              0.581056535243988,
              0.6129611730575562,
              0.6021033525466919,
              0.4449464678764343,
              0.3781489133834839,
              0.5684136748313904,
              0.5983728170394897,
              0.5346958637237549,
              0.4832703471183777,
              0.511550784111023,
              0.5004898309707642,
              0.28062233328819275,
              0.5764252543449402
            ],
            [
              0.5856249332427979,
              1.0,
              0.35716813802719116,
              0.46593689918518066,
              0.3223704993724823,
              0.21553339064121246,
              0.31626075506210327,
              0.19764214754104614,
              0.5380315184593201,
              0.2132757306098938,
              0.33536991477012634,
              0.3086974620819092,
              0.36590665578842163,
              0.3748948872089386,
              0.5575343370437622,
              0.5436739921569824,
              0.2909073531627655,
              0.5493848323822021,
              0.6667870283126831,
              0.533684492111206,
              0.4548138976097107,
              0.3293582797050476,
              0.46359431743621826,
              0.5391685962677002,
              0.5145758986473083,
              0.288739413022995,
              0.5170474648475647,
              0.3407793641090393,
              0.3261868953704834,
              0.2777084410190582
            ],
            [
              0.4943142533302307,
              0.35716813802719116,
              1.0,
              0.4671899974346161,
              0.4971406161785126,
              0.29449915885925293,
              0.4685513377189636,
              0.5552431344985962,
              0.315700888633728,
              0.28488171100616455,
              0.2911238670349121,
              0.29935574531555176,
              0.24479596316814423,
              0.38379499316215515,
              0.6697078943252563,
              0.25505825877189636,
              0.36061570048332214,
              0.4468899369239807,
              0.4069022536277771,
              0.3932710886001587,
              0.45644044876098633,
              0.522611141204834,
              0.4482496380805969,
              0.3663082718849182,
              0.3450496196746826,
              0.6028643846511841,
              0.39456504583358765,
              0.31067585945129395,
              0.3519020676612854,
              0.47238314151763916
            ],
            [
              0.601935863494873,
              0.46593689918518066,
              0.4671899974346161,
              1.0,
              0.5219040513038635,
              0.30305635929107666,
              0.22486037015914917,
              0.3389788568019867,
              0.5094975829124451,
              0.5999475121498108,
              0.45813772082328796,
              0.5897219181060791,
              0.49441295862197876,
              0.48183494806289673,
              0.5602197051048279,
              0.5575008392333984,
              0.5386403203010559,
              0.4889827370643616,
              0.41452306509017944,
              0.5259774923324585,
              0.4241606593132019,
              0.3032456636428833,
              0.5599061250686646,
              0.4832906126976013,
              0.5044975280761719,
              0.36090850830078125,
              0.44740530848503113,
              0.45582157373428345,
              0.5869133472442627,
              0.4685363173484802
            ],
            [
              0.5646815299987793,
              0.3223704993724823,
              0.4971406161785126,
              0.5219040513038635,
              1.0,
              0.2768290042877197,
              0.30734920501708984,
              0.4385473132133484,
              0.2885093092918396,
              0.3385336697101593,
              0.14042051136493683,
              0.3941512107849121,
