{
  "encoding_mapping": {
    "ownership": {
      "外资企业": "外资",
      "国有": "个人",
      "私营企业": "民营",
      "独立运营": "独立",
      "个人所有": "个人",
      "美国": "国有",
      "个体所有制": "个人",
      "公有制": "国有",
      "商业": "公司",
      "国有控股": "国有",
      "个体经营者": "公司",
      "企业所有": "公司",
      "商业公司": "公司",
      "民营企业": "民营",
      "商业实体": "公司",
      "国有事业单位": "国有",
      "国有企业": "国有",
      "合资": "公司",
      "国家所有": "外资",
      "私人所有": "民营",
      "政府所有": "国有",
      "独立媒体": "官方媒体",
      "党委机关报": "国有",
      "美国商业媒体集团": "官方媒体",
      "政府": "国有",
      "官方": "国有",
      "公司所有制": "公司",
      "私营": "民营",
      "盈利性媒体": "官方媒体",
      "上市公司": "公司"
    },
    "funding": {
      "国家财政拨款": "公共资金",
      "商业广告": "广告",
      "用户订阅": "用户支持",
      "订阅": "会员",
      "用户付费": "个人付费",
      "观众订阅": "订阅",
      "政府拨款": "政府",
      "游戏": "活动",
      "企业注资": "企业合作",
      "资本投资": "投资",
      "广告、投资": "广告",
      "企业收入": "企业合作",
      "商业赞助": "企业合作",
      "公共资金": "政府",
      "自创品牌": "品牌合作",
      "发行量": "活动",
      "广告收入": "广告",
      "政府资助": "政府",
      "发行收入": "个人付费",
      "企业自筹": "企业合作",
      "政府财政": "政府",
      "美国政府资助": "政府",
      "政府预算": "政府",
      "政府购买服务": "政府",
      "发行": "PE",
      "政府支持": "政府",
      "母公司注资": "公资",
      "企业投资": "投资",
      "广告、会员订阅、投资": "广告",
      "私人捐赠": "其他捐赠",
      "国家拨款": "政府",
      "国家财政": "政府",
      "金融服务佣金": "资本市场融资",
      "个人付费": "公资",
      "自有资金": "公资",
      "其他资助": "其他捐赠",
      "资本市场融资": "投资"
    },
    "political_stance": {
      "西方中立": "中立",
      "官方立场": "官方",
      "自由主义": "保守派",
      "财经中立": "中立",
      "新自由主义": "保守派",
      "符合社会主义核心价值观": "社会主义核心价值观",
      "中国官方": "国家",
      "亲商业": "亲商",
      "科技导向": "技术导向",
      "商业": "亲商",
      "左翼": "右倾",
      "中间偏左": "右倾",
      "亲政府": "国家",
      "中间偏官方": "官方",
      "符合国家政策导向": "支持政府政策",
      "亲商": "亲中",
      "官方": "国家",
      "支持国家科技发展": "技术导向",
      "官方媒体": "国家",
      "支持政府政策": "支持国家政策",
      "反对一个中国": "亲中国",
      "温和": "亲美",
      "支持美国政策": "支持国家政策",
      "支持中国共产党的领导": "亲中国",
      "支持中国共产党": "亲中国",
      "国家利益": "国家",
      "中国大陆": "亲中国",
      "右翼": "右倾",
      "左倾": "右倾",
      "支持台独": "亲中",
      "亲中共": "亲中",
      "亲穆斯林世界": "亲阿拉伯",
      "支持现行政策": "支持国家政策",
      "亲中国": "亲中",
      "右倾": "亲中"
    },
    "content_domain": {
      "财经": "经济",
      "商业": "产业",
      "科技": "应用",
      "经济": "产业",
      "数码产品": "数码",
      "科技产品评测": "科技",
      "游戏资讯": "游戏",
      "政策解读": "政治",
      "国际新闻": "新闻",
      "社会": "社交",
      "软件": "应用",
      "金融": "投资",
      "硬件": "电脑",
      "时事政治": "政治",
      "国内国际新闻": "国际新闻",
      "经济社会发展": "经济",
      "IT": "AR",
      "创业": "产业",
      "科技创新": "科技",
      "企业战略": "产业",
      "国际评论": "国际新闻",
      "科技产品": "科技",
      "信息技术": "科技",
      "地方新闻": "新闻",
      "社会经济": "经济",
      "生活资讯": "生活方式",
      "本地新闻": "新闻",
      "数码": "应用",
      "游戏": "娱乐",
      "应用": "AR",
      "时政": "时事",
      "日报": "新闻",
      "国际": "AR",
      "数字服务": "服务",
      "评论分析": "分析",
      "社交": "文化",
      "评论": "AR",
      "文化交流": "文化",
      "外交政策": "中美关系",
      "领事事务": "外交事务",
      "综合新闻": "新闻",
      "资讯": "新闻",
      "国防": "军事",
      "外交事务": "中美关系",
      "领事服务": "领事事务",
      "深度新闻": "深度报道",
      "社会议题": "社交",
      "国际事务": "中美关系",
      "经济新闻": "经济",
      "新闻报道": "新闻",
      "本地事务": "地方新闻",
      "证券": "投资",
      "中美关系": "中国"
    },
    "location": {
      "北京": "上海",
      "全球覆盖": "全球",
      "中国大陆": "中国",
      "中国北京": "上海",
      "绍兴": "浙江",
      "首尔": "浙江",
      "深圳": "中国",
      "韩国": "浙江",
      "台湾地区": "台湾",
      "浙江": "山东",
      "济南": "山东",
      "新加坡": "台湾",
      "中国": "上海",
      "美国": "全国",
      "香港": "台湾",
      "全球": "全国",
      "北美": "全国",
      "江苏": "山东",
      "湖南": "山东",
      "山东": "台湾"
    },
    "target_audience": {
      "关注财经资讯的中高收入人群": "高收入",
      "高学历城市中产阶级": "中产阶级",
      "对时事和科技感兴趣的用户": "科技爱好者",
      "普通消费者": "消费者",
      "中产阶级投资者": "中产阶级",
      "国际听众": "全球观众",
      "中高收入群体": "中产阶级",
      "投资者": "投资人",
      "企业管理者": "企业用户",
      "财经爱好者": "投资人",
      "普通用户": "年轻用户",
      "中文读者": "中国公众",
      "中国投资者": "中国网民",
      "捷克科技爱好者": "科技爱好者",
      "企业高管": "创业者",
      "数码用户": "年轻用户",
      "体育爱好者": "游戏玩家",
      "科技爱好者": "技术经理",
      "对时事政治感兴趣的群体": "关注时政群体",
      "中国大陆网民": "中国公众",
      "香港本地居民": "绍兴本地居民",
      "科技从业者": "IT从业者",
      "科技行业从业者": "技术经理",
      "留学生": "学生",
      "年轻群体": "年轻用户",
      "企业用户": "消费者",
      "绍兴本地居民": "本地市民",
      "企业人士": "创业者",
      "关注深圳发展的群体": "中国网民",
      "年轻用户": "大众用户",
      "大众网民": "大众用户",
      "国际新闻读者": "全球观众",
      "中国网民": "中国公众",
      "韩国国内读者": "台湾地区读者",
      "国际关注者": "全球观众",
      "职场人士": "商务人士",
      "普通公众": "公众",
      "国内外政府机构": "政府官员",
      "关注本地时政的群体": "时政关注者",
      "海外华人": "中国公众",
      "新加坡华人": "中国公众",
      "本地市民": "本地居民",
      "科技从业者、创业者、投资者": "创业者",
      "香港市民": "中国公众",
      "中国读者": "中国公众",
      "政府机构": "政府官员",
      "商务人士": "创业者",
      "学者": "学生",
      "商业人士": "创业者",
      "关注时事的读者": "时事关注者",
      "政府人员": "党员",
      "关注时政群体": "时政关注者",
      "个人投资者": "投资人",
      "机构投资者": "投资人",
      "中高端商务人士": "创业者",
      "知识分子": "学者",
      "时政关注者": "时事关注者",
      "英语国家听众": "全球观众",
      "对中国的政治、社会动态感兴趣的国际读者": "中国公众"
    },
    "category": {
      "商业财经媒体": "财经媒体",
      "财经媒体": "公营媒体",
      "日报": "党报",
      "科技博客": "科技媒体",
      "科技媒体": "公营媒体",
      "综合媒体": "公营媒体",
      "综合门户网站": "评测网站",
      "新闻媒体": "公营媒体",
      "财经评论媒体": "报纸",
      "商业新闻媒体": "公营媒体",
      "新闻门户网站": "新闻媒体",
      "财经社交媒体平台": "公营媒体",
      "综合新闻": "报纸",
      "商业科技媒体": "公营媒体",
      "新闻评论网站": "评测网站",
      "综合新闻门户": "公营媒体",
      "新闻网站": "公营媒体",
      "商业媒体": "公营媒体",
      "新闻机构": "新闻媒体",
      "汽车垂直媒体": "垂直媒体",
      "综合新闻媒体": "公营媒体",
      "官方媒体": "公营媒体",
      "政府机构媒体": "公营媒体",
      "报纸": "党报",
      "国际广播电台": "广播",
      "网络媒体": "公营媒体",
      "新闻": "公营媒体",
      "门户网站": "评测网站",
      "新闻门户": "公营媒体",
      "通讯社": "党报",
      "传统报纸": "报纸",
      "新闻评论类": "公营媒体",
      "国际新闻广播机构": "广播",
      "商业新闻网站": "公营媒体",
      "新闻评论类媒体": "公营媒体",
      "财经门户网站": "财经媒体"
    }
  },
  "last_clustering_stats": {
    "timestamp": "2025-11-24T16:25:59.732150",
    "fields": {
      "ownership": {
        "before_count": 17,
        "after_count": 17,
        "reduction": 0,
        "reduction_rate": 0.0,
        "clusters": [],
        "total_clusters": 17,
        "clustered_keywords": 0,
        "similarity_matrix": {
          "keywords": [
            "个人",
            "中国",
            "公司",
            "内容团队",
            "卡塔尔政府",
            "国内资本",
            "外资",
            "官方媒体",
            "德国政府",
            "新加坡报业集团",
            "民营",
            "法国国家",
            "混合",
            "独立",
            "现代集团",
            "私有控股",
            "韩国财阀企业"
          ],
          "matrix": [
            [
              1.0,
              0.38892102241516113,
              0.654438316822052,
              0.43212616443634033,
              0.21895915269851685,
              0.351199209690094,
              0.5561867952346802,
              0.4697037935256958,
              0.26132410764694214,
              0.3506498336791992,
              0.4585896134376526,
              0.32682693004608154,
              0.5172351598739624,
              0.4618147611618042,
              0.5315055251121521,
              0.5503556728363037,
              0.30775147676467896
            ],
            [
              0.38892102241516113,
              1.0,
              0.45861315727233887,
              0.17200128734111786,
              0.3574817478656769,
              0.29116153717041016,
              0.5230676531791687,
              0.34321460127830505,
              0.1662772297859192,
              0.3921660780906677,
              0.21192887425422668,
              0.2668028473854065,
              0.3222584128379822,
              0.2774568200111389,
              0.3864992558956146,
              0.3055868446826935,
              0.4865882098674774
            ],
            [
              0.654438316822052,
              0.45861315727233887,
              1.0,
              0.5131137371063232,
              0.3657793402671814,
              0.4596790671348572,
              0.5618619918823242,
              0.5137951374053955,
              0.42528435587882996,
              0.5118459463119507,
              0.36106330156326294,
              0.3487692177295685,
              0.498330295085907,
              0.35482680797576904,
              0.6072250604629517,
              0.6040951013565063,
              0.5334265232086182
            ],
            [
              0.43212616443634033,
              0.17200128734111786,
              0.5131137371063232,
              1.0,
              0.1653297394514084,
              0.16827423870563507,
              0.303330659866333,
              0.5192400217056274,
              0.17283621430397034,
              0.43959248065948486,
              0.2772151529788971,
              0.13764554262161255,
              0.4145088195800781,
              0.20595628023147583,
              0.5057608485221863,
              0.29114097356796265,
              0.19086861610412598
            ],
            [
              0.21895915269851685,
              0.3574817478656769,
              0.3657793402671814,
              0.1653297394514084,
              1.0,
              0.297190397977829,
              0.40273016691207886,
              0.32058390974998474,
              0.3022700548171997,
              0.2894863486289978,
              0.18094708025455475,
              0.3137515187263489,
              0.11265981197357178,
              0.3985920548439026,
              0.2707592844963074,
              0.4037678837776184,
              0.3409726619720459
            ],
            [
              0.351199209690094,
              0.29116153717041016,
              0.4596790671348572,
              0.16827423870563507,
              0.297190397977829,
              1.0,
              0.3924872875213623,
              0.3549826145172119,
              0.382071316242218,
              0.31752341985702515,
              0.2486082911491394,
              0.35521695017814636,
              0.2501904368400574,
              0.5024566650390625,
              0.37553685903549194,
              0.5875239968299866,
              0.33793920278549194
            ],
            [
              0.5561867952346802,
              0.5230676531791687,
              0.5618619918823242,
              0.303330659866333,
              0.40273016691207886,
              0.3924872875213623,
              1.0,
              0.4803912937641144,
              0.4875636100769043,
              0.36251354217529297,
              0.374217689037323,
              0.5967697501182556,
              0.4195215404033661,
              0.4723513126373291,
              0.5908142328262329,
              0.40653952956199646,
              0.4350886940956116
            ],
            [
              0.4697037935256958,
              0.34321460127830505,
              0.5137951374053955,
              0.5192400217056274,
              0.32058390974998474,
              0.3549826145172119,
              0.4803912937641144,
              1.0,
              0.3297620117664337,
              0.5415686368942261,
              0.2863062620162964,
              0.31314679980278015,
              0.3227478563785553,
              0.3347586989402771,
              0.5318344831466675,
              0.45131629705429077,
              0.3521616458892822
            ],
            [
              0.26132410764694214,
              0.1662772297859192,
              0.42528435587882996,
              0.17283621430397034,
              0.3022700548171997,
              0.382071316242218,
              0.4875636100769043,
              0.3297620117664337,
              1.0,
              0.17590704560279846,
              0.21591874957084656,
              0.5130273103713989,
              0.2062593698501587,
              0.31189584732055664,
              0.39385995268821716,
              0.29794615507125854,
              0.3007618188858032
            ],
            [
              0.3506498336791992,
              0.3921660780906677,
              0.5118459463119507,
              0.43959248065948486,
              0.2894863486289978,
              0.31752341985702515,
              0.36251354217529297,
              0.5415686368942261,
              0.17590704560279846,
              1.0,
              0.2449338585138321,
              0.09996523708105087,
              0.24838998913764954,
              0.16465410590171814,
              0.5000292062759399,
              0.3798710107803345,
              0.49727118015289307
            ],
            [
              0.4585896134376526,
              0.21192887425422668,
              0.36106330156326294,
              0.2772151529788971,
              0.18094708025455475,
              0.2486082911491394,
              0.374217689037323,
              0.2863062620162964,
              0.21591874957084656,
              0.2449338585138321,
              1.0,
              0.24920238554477692,
              0.29465460777282715,
              0.29382839798927307,
              0.4115447700023651,
              0.3562461733818054,
              0.19853290915489197
            ],
            [
              0.32682693004608154,
              0.2668028473854065,
              0.3487692177295685,
              0.13764554262161255,
              0.3137515187263489,
              0.35521695017814636,
              0.5967697501182556,
              0.31314679980278015,
              0.5130273103713989,
              0.09996523708105087,
              0.24920238554477692,
              1.0,
              0.26516008377075195,
              0.3885747194290161,
              0.3845612108707428,
              0.3038179278373718,
              0.1329289823770523
            ],
            [
              0.5172351598739624,
              0.3222584128379822,
              0.498330295085907,
              0.4145088195800781,
              0.11265981197357178,
              0.2501904368400574,
              0.4195215404033661,
              0.3227478563785553,
              0.2062593698501587,
              0.24838998913764954,
              0.29465460777282715,
              0.26516008377075195,
              1.0,
              0.27450865507125854,
              0.40593957901000977,
              0.23871907591819763,
              0.20013000071048737
            ],
            [
              0.4618147611618042,
              0.2774568200111389,
              0.35482680797576904,
              0.20595628023147583,
              0.3985920548439026,
              0.5024566650390625,
              0.4723513126373291,
              0.3347586989402771,
              0.31189584732055664,
              0.16465410590171814,
              0.29382839798927307,
              0.3885747194290161,
              0.27450865507125854,
              1.0,
              0.3259776830673218,
              0.5987288355827332,
              0.27579089999198914
            ],
            [
              0.5315055251121521,
              0.3864992558956146,
              0.6072250604629517,
              0.5057608485221863,
              0.2707592844963074,
              0.37553685903549194,
              0.5908142328262329,
              0.5318344831466675,
              0.39385995268821716,
              0.5000292062759399,
              0.4115447700023651,
              0.3845612108707428,
              0.40593957901000977,
              0.3259776830673218,
              1.0,
              0.44524312019348145,
              0.4392243027687073
            ],
            [
              0.5503556728363037,
              0.3055868446826935,
              0.6040951013565063,
              0.29114097356796265,
              0.4037678837776184,
              0.5875239968299866,
              0.40653952956199646,
              0.45131629705429077,
              0.29794615507125854,
              0.3798710107803345,
              0.3562461733818054,
              0.3038179278373718,
              0.23871907591819763,
              0.5987288355827332,
              0.44524312019348145,
              1.0,
              0.47898948192596436
            ],
            [
              0.30775147676467896,
              0.4865882098674774,
              0.5334265232086182,
              0.19086861610412598,
              0.3409726619720459,
              0.33793920278549194,
              0.4350886940956116,
              0.3521616458892822,
              0.3007618188858032,
              0.49727118015289307,
              0.19853290915489197,
              0.1329289823770523,
              0.20013000071048737,
              0.27579089999198914,
              0.4392243027687073,
              0.47898948192596436,
              1.0
            ]
          ]
        }
      },
      "funding": {
        "before_count": 24,
        "after_count": 24,
        "reduction": 0,
        "reduction_rate": 0.0,
        "clusters": [],
        "total_clusters": 24,
        "clustered_keywords": 0,
        "similarity_matrix": {
          "keywords": [
            "PE",
            "VC",
            "企业合作",
            "会员",
            "公资",
            "其他捐赠",
            "卡塔尔政府",
            "品牌合作",
            "多元化",
            "广告",
            "投资",
            "政府",
            "数据服务费",
            "活动",
            "流量变现",
            "海外支持",
            "用户交易佣金",
            "用户支持",
            "电商",
            "股东",
            "股票市场",
            "自创收",
            "英国母公司",
            "读者支持"
          ],
          "matrix": [
            [
              1.0,
              0.6687458157539368,
              0.39573630690574646,
              0.6237561702728271,
              0.6891130208969116,
              0.37576520442962646,
              0.25671565532684326,
              0.35708093643188477,
              0.3864641785621643,
              0.4891761541366577,
              0.5177422761917114,
              0.4105808138847351,
              0.12952759861946106,
              0.6656985282897949,
              0.3102724254131317,
              0.37911561131477356,
              0.2875983417034149,
              0.4141898453235626,
              0.4739872217178345,
              0.49597030878067017,
              0.3863540291786194,
              0.5838261246681213,
              0.5371809005737305,
              0.4332113564014435
            ],
            [
              0.6687458157539368,
              1.0,
              0.3428966999053955,
              0.5029140710830688,
              0.482633501291275,
              0.2822679877281189,
              0.1360391080379486,
              0.3155030608177185,
              0.3087778091430664,
              0.4032336175441742,
              0.3926912844181061,
              0.2603699862957001,
              0.10508009791374207,
              0.5101849436759949,
              0.24659085273742676,
              0.25955629348754883,
              0.15764352679252625,
              0.30084630846977234,
              0.3367127478122711,
              0.3895087242126465,
              0.24401599168777466,
              0.36101239919662476,
              0.3004072308540344,
              0.32923024892807007
            ],
            [
              0.39573630690574646,
              0.3428966999053955,
              1.0,
              0.5578749179840088,
              0.5326801538467407,
              0.3314250707626343,
              0.35483092069625854,
              0.6738133430480957,
              0.3947940468788147,
              0.4098997712135315,
              0.47946274280548096,
              0.4465756416320801,
              0.1732138991355896,
              0.557652473449707,
              0.2350214123725891,
              0.446111798286438,
              0.34309816360473633,
              0.33375853300094604,
              0.6294578313827515,
              0.5959770679473877,
              0.3160131573677063,
              0.32798996567726135,
              0.5424972772598267,
              0.29206275939941406
            ],
            [
              0.6237561702728271,
              0.5029140710830688,
              0.5578749179840088,
              1.0,
              0.647210955619812,
              0.48625484108924866,
              0.24525785446166992,
              0.430996298789978,
              0.4148058295249939,
              0.4286838173866272,
              0.3534986972808838,
              0.48962950706481934,
              0.19101913273334503,
              0.6752068400382996,
              0.2279146909713745,
              0.4185684323310852,
              0.4407827854156494,
              0.5776152014732361,
              0.3936144709587097,
              0.6010701656341553,
              0.3075506091117859,
              0.5395354628562927,
              0.5210102796554565,
              0.551632285118103
            ],
            [
              0.6891130208969116,
              0.482633501291275,
              0.5326801538467407,
              0.647210955619812,
              1.0,
              0.632249653339386,
              0.32402828335762024,
              0.43004029989242554,
              0.3803591728210449,
              0.5195971727371216,
              0.6730020046234131,
              0.5909881591796875,
              0.4354636073112488,
              0.6776995658874512,
              0.3896457850933075,
              0.5473482608795166,
              0.47280657291412354,
              0.44494056701660156,
              0.6328880786895752,
              0.6281825304031372,
              0.46457260847091675,
              0.6082482933998108,
              0.5877583622932434,
              0.46233445405960083
            ],
            [
              0.37576520442962646,
              0.2822679877281189,
              0.3314250707626343,
              0.48625484108924866,
              0.632249653339386,
              1.0,
              0.2176026999950409,
              0.29741761088371277,
              0.3504639267921448,
              0.25200125575065613,
              0.4297502040863037,
              0.2772864103317261,
              0.22979670763015747,
              0.3692212700843811,
              0.13591010868549347,
              0.503148078918457,
              0.2895708382129669,
              0.25915640592575073,
              0.2931937873363495,
              0.36231371760368347,
              0.2475719153881073,
              0.4073304533958435,
              0.3531416058540344,
              0.3835219144821167
            ],
            [
              0.25671565532684326,
              0.1360391080379486,
              0.35483092069625854,
              0.24525785446166992,
              0.32402828335762024,
              0.2176026999950409,
              1.0,
              0.1875743269920349,
              0.1983630359172821,
              0.15576522052288055,
              0.19802385568618774,
              0.5866447687149048,
              0.10275252908468246,
              0.21624867618083954,
              0.10272581875324249,
              0.3995646834373474,
              0.0981685072183609,
              0.20932406187057495,
              0.19761133193969727,
              0.2742040157318115,
              0.1441173255443573,
              0.2244223654270172,
              0.37431392073631287,
              0.10178112983703613
            ],
            [
              0.35708093643188477,
              0.3155030608177185,
              0.6738133430480957,
              0.430996298789978,
              0.43004029989242554,
              0.29741761088371277,
              0.1875743269920349,
              1.0,
              0.3734016716480255,
              0.5451787114143372,
              0.34513795375823975,
              0.16621312499046326,
              0.1125062108039856,
              0.41274502873420715,
              0.2236492782831192,
              0.3022952973842621,
              0.42391106486320496,
              0.2696138620376587,
              0.679202675819397,
              0.5499251484870911,
              0.34694910049438477,
              0.28426942229270935,
              0.5486562848091125,
              0.24983325600624084
            ],
            [
              0.3864641785621643,
              0.3087778091430664,
              0.3947940468788147,
              0.4148058295249939,
              0.3803591728210449,
              0.3504639267921448,
              0.1983630359172821,
              0.3734016716480255,
              1.0,
              0.26199233531951904,
              0.26122960448265076,
              0.27714669704437256,
              0.06023501604795456,
              0.43071675300598145,
              0.28295254707336426,
              0.3919956088066101,
              0.06348849087953568,
              0.13726867735385895,
              0.39524737000465393,
              0.24486909806728363,
              0.2420230507850647,
              0.36640045046806335,
              0.3530779480934143,
              0.3408434987068176
            ],
            [
              0.4891761541366577,
              0.4032336175441742,
              0.4098997712135315,
              0.4286838173866272,
              0.5195971727371216,
              0.25200125575065613,
              0.15576522052288055,
              0.5451787114143372,
              0.26199233531951904,
              1.0,
              0.38528206944465637,
              0.34690114855766296,
              0.14034128189086914,
              0.5986672639846802,
              0.36680352687835693,
              0.2943054735660553,
              0.3838995695114136,
              0.32811349630355835,
              0.6642128229141235,
              0.4712264835834503,
              0.4136865735054016,
              0.31893154978752136,
              0.44941484928131104,
              0.3810189664363861
            ],
            [
              0.5177422761917114,
              0.3926912844181061,
              0.47946274280548096,
              0.3534986972808838,
              0.6730020046234131,
              0.4297502040863037,
              0.19802385568618774,
              0.34513795375823975,
              0.26122960448265076,
              0.38528206944465637,
              1.0,
              0.33193841576576233,
              0.20085430145263672,
              0.4789223372936249,
              0.2221757173538208,
              0.4640622138977051,
              0.214096799492836,
              0.22262375056743622,
              0.5467584729194641,
              0.6275545358657837,
              0.5561224222183228,
              0.3808005452156067,
              0.38873013854026794,
              0.29753997921943665
            ],
            [
              0.4105808138847351,
              0.2603699862957001,
              0.4465756416320801,
              0.48962950706481934,
              0.5909881591796875,
              0.2772864103317261,
              0.5866447687149048,
              0.16621312499046326,
              0.27714669704437256,
              0.34690114855766296,
              0.33193841576576233,
              1.0,
              0.276048868894577,
              0.4606204032897949,
              0.23271140456199646,
              0.4365461468696594,
              0.17295077443122864,
              0.32754045724868774,
              0.3322172164916992,
              0.38481414318084717,
              0.23013633489608765,
              0.3653038740158081,
              0.45793044567108154,
              0.27308353781700134
            ],
            [
              0.12952759861946106,
              0.10508009791374207,
              0.1732138991355896,
              0.19101913273334503,
              0.4354636073112488,
              0.22979670763015747,
              0.10275252908468246,
              0.1125062108039856,
              0.06023501604795456,
              0.14034128189086914,
              0.20085430145263672,
              0.276048868894577,
              1.0,
              0.17219682037830353,
              0.2708970904350281,
              0.2046993374824524,
              0.4074965715408325,
              0.3750842809677124,
              0.2497009038925171,
              0.13137154281139374,
              0.17764922976493835,
              0.05199534446001053,
              0.10259607434272766,
              0.1518946886062622
            ],
            [
              0.6656985282897949,
              0.5101849436759949,
              0.557652473449707,
              0.6752068400382996,
              0.6776995658874512,
              0.3692212700843811,
              0.21624867618083954,
              0.41274502873420715,
              0.43071675300598145,
              0.5986672639846802,
              0.4789223372936249,
              0.4606204032897949,
              0.17219682037830353,
              1.0,
              0.3888755738735199,
              0.3805277347564697,
              0.3549051880836487,
              0.48257458209991455,
              0.5811923146247864,
              0.45963555574417114,
              0.3179347515106201,
              0.6366086602210999,
              0.4654970169067383,
              0.5114019513130188
            ],
            [
              0.3102724254131317,
              0.24659085273742676,
              0.2350214123725891,
              0.2279146909713745,
              0.3896457850933075,
              0.13591010868549347,
              0.10272581875324249,
              0.2236492782831192,
              0.28295254707336426,
              0.36680352687835693,
              0.2221757173538208,
              0.23271140456199646,
              0.2708970904350281,
              0.3888755738735199,
              1.0,
              0.21646571159362793,
              0.29778891801834106,
              0.12245655059814453,
              0.4620913863182068,
              0.1821126639842987,
              0.3802019953727722,
              0.21684525907039642,
              0.24467134475708008,
              0.188584566116333
            ],
            [
              0.37911561131477356,
              0.25955629348754883,
              0.446111798286438,
              0.4185684323310852,
              0.5473482608795166,
              0.503148078918457,
              0.3995646834373474,
              0.3022952973842621,
              0.3919956088066101,
              0.2943054735660553,
              0.4640622138977051,
              0.4365461468696594,
              0.2046993374824524,
              0.3805277347564697,
              0.21646571159362793,
              1.0,
              0.17257143557071686,
              0.31763526797294617,
              0.367027223110199,
              0.32342344522476196,
              0.2741270661354065,
              0.2719402313232422,
              0.4620203375816345,
              0.361239492893219
            ],
            [
              0.2875983417034149,
              0.15764352679252625,
              0.34309816360473633,
              0.4407827854156494,
              0.47280657291412354,
              0.2895708382129669,
              0.0981685072183609,
              0.42391106486320496,
              0.06348849087953568,
              0.3838995695114136,
              0.214096799492836,
              0.17295077443122864,
              0.4074965715408325,
              0.3549051880836487,
              0.29778891801834106,
              0.17257143557071686,
              1.0,
              0.645732045173645,
              0.4916025996208191,
              0.48236799240112305,
              0.3461362421512604,
              0.28742754459381104,
              0.2769874036312103,
              0.37239646911621094
            ],
            [
              0.4141898453235626,
              0.30084630846977234,
              0.33375853300094604,
              0.5776152014732361,
              0.44494056701660156,
              0.25915640592575073,
              0.20932406187057495,
              0.2696138620376587,
              0.13726867735385895,
              0.32811349630355835,
              0.22262375056743622,
              0.32754045724868774,
              0.3750842809677124,
              0.48257458209991455,
              0.12245655059814453,
              0.31763526797294617,
              0.645732045173645,
              1.0,
              0.2734280526638031,
              0.35369008779525757,
              0.1844976246356964,
              0.38829582929611206,
              0.2781742215156555,
              0.5532862544059753
            ],
            [
              0.4739872217178345,
              0.3367127478122711,
              0.6294578313827515,
              0.3936144709587097,
              0.6328880786895752,
              0.2931937873363495,
              0.19761133193969727,
              0.679202675819397,
              0.39524737000465393,
              0.6642128229141235,
              0.5467584729194641,
              0.3322172164916992,
              0.2497009038925171,
              0.5811923146247864,
              0.4620913863182068,
              0.367027223110199,
              0.4916025996208191,
              0.2734280526638031,
              1.0,
              0.6335835456848145,
              0.5798054337501526,
              0.3299899697303772,
              0.5611952543258667,
              0.3035595715045929
            ],
            [
              0.49597030878067017,
              0.3895087242126465,
              0.5959770679473877,
              0.6010701656341553,
              0.6281825304031372,
              0.36231371760368347,
              0.2742040157318115,
              0.5499251484870911,
              0.24486909806728363,
              0.4712264835834503,
              0.6275545358657837,
              0.38481414318084717,
              0.13137154281139374,
              0.45963555574417114,
              0.1821126639842987,
              0.32342344522476196,
              0.48236799240112305,
              0.35369008779525757,
              0.6335835456848145,
              1.0,
              0.5821927785873413,
              0.4312048852443695,
              0.5666834712028503,
              0.36865827441215515
            ],
            [
              0.3863540291786194,
              0.24401599168777466,
              0.3160131573677063,
              0.3075506091117859,
              0.46457260847091675,
              0.2475719153881073,
              0.1441173255443573,
              0.34694910049438477,
              0.2420230507850647,
              0.4136865735054016,
              0.5561224222183228,
              0.23013633489608765,
              0.17764922976493835,
              0.3179347515106201,
              0.3802019953727722,
              0.2741270661354065,
              0.3461362421512604,
              0.1844976246356964,
              0.5798054337501526,
              0.5821927785873413,
              1.0,
              0.25419479608535767,
              0.3418067693710327,
              0.2565208077430725
            ],
            [
              0.5838261246681213,
              0.36101239919662476,
              0.32798996567726135,
              0.5395354628562927,
              0.6082482933998108,
              0.4073304533958435,
              0.2244223654270172,
              0.28426942229270935,
              0.36640045046806335,
              0.31893154978752136,
              0.3808005452156067,
              0.3653038740158081,
              0.05199534446001053,
              0.6366086602210999,
              0.21684525907039642,
              0.2719402313232422,
              0.28742754459381104,
              0.38829582929611206,
              0.3299899697303772,
              0.4312048852443695,
              0.25419479608535767,
              1.0,
              0.4166853427886963,
              0.446441650390625
            ],
            [
              0.5371809005737305,
              0.3004072308540344,
              0.5424972772598267,
              0.5210102796554565,
              0.5877583622932434,
              0.3531416058540344,
              0.37431392073631287,
              0.5486562848091125,
              0.3530779480934143,
              0.44941484928131104,
              0.38873013854026794,
              0.45793044567108154,
              0.10259607434272766,
              0.4654970169067383,
              0.24467134475708008,
              0.4620203375816345,
              0.2769874036312103,
              0.2781742215156555,
              0.5611952543258667,
              0.5666834712028503,
              0.3418067693710327,
              0.4166853427886963,
              1.0,
              0.32638081908226013
            ],
            [
              0.4332113564014435,
              0.32923024892807007,
              0.29206275939941406,
              0.551632285118103,
              0.46233445405960083,
              0.3835219144821167,
              0.10178112983703613,
              0.24983325600624084,
              0.3408434987068176,
              0.3810189664363861,
              0.29753997921943665,
              0.27308353781700134,
              0.1518946886062622,
              0.5114019513130188,
              0.188584566116333,
              0.361239492893219,
              0.37239646911621094,
              0.5532862544059753,
              0.3035595715045929,
              0.36865827441215515,
              0.2565208077430725,
              0.446441650390625,
              0.32638081908226013,
              1.0
            ]
          ]
        }
      },
      "political_stance": {
        "before_count": 25,
        "after_count": 25,
        "reduction": 0,
        "reduction_rate": 0.0,
        "clusters": [],
        "total_clusters": 25,
        "clustered_keywords": 0,
        "similarity_matrix": {
          "keywords": [
            "中立",
            "主流",
            "亲中",
            "亲美",
            "亲资本",
            "亲阿拉伯",
            "传统主义",
            "保守派",
            "商业",
            "商业媒体",
            "国家",
            "多元视角",
            "客观",
            "强调自主创新",
            "批判性",
            "技术导向",
            "支持加密货币",
            "支持国家政策",
            "支持隐私保护与创新",
            "无明显倾向",
            "民族主义",
            "法国民众",
            "独立",
            "社会主义核心价值观",
            "非政治化"
          ],
          "matrix": [
            [
              1.0,
              0.6053912043571472,
              0.42556995153427124,
              0.40371233224868774,
              0.4835396707057953,
              0.35187196731567383,
              0.3902052938938141,
              0.47593849897384644,
              0.42266619205474854,
              0.3599981665611267,
              0.5537205934524536,
              0.4257643222808838,
              0.5568159222602844,
              0.2872682213783264,
              0.6104625463485718,
              0.36544477939605713,
              0.4212917685508728,
              0.45176947116851807,
              0.4287603497505188,
              0.48052501678466797,
              0.41059446334838867,
              0.2596035599708557,
              0.6034098863601685,
              0.4010377526283264,
              0.6212867498397827
            ],
            [
              0.6053912043571472,
              1.0,
              0.47986292839050293,
              0.4434979557991028,
              0.5436570644378662,
              0.3158349394798279,
              0.5611478090286255,
              0.4036460518836975,
              0.5042446851730347,
              0.5427248477935791,
              0.5975305438041687,
              0.5589526891708374,
              0.6146564483642578,
              0.37100791931152344,
              0.632759690284729,
              0.5847975611686707,
