{
  "encoding_mapping": {
    "ownership": {
      "外资企业": "外资",
      "国有": "个人",
      "私营企业": "民营",
      "独立运营": "独立",
      "个人所有": "个人",
      "美国": "国有",
      "个体所有制": "个人",
      "公有制": "国有",
      "商业": "公司",
      "国有控股": "个人",
      "个体经营者": "公司",
      "企业所有": "公司",
      "商业公司": "公司",
      "民营企业": "民营",
      "商业实体": "公司",
      "国有事业单位": "国有",
      "国有企业": "国有",
      "合资": "公司",
      "国家所有": "国有",
      "私人所有": "民营",
      "政府所有": "个人",
      "独立媒体": "官方媒体",
      "党委机关报": "国有",
      "美国商业媒体集团": "官方媒体",
      "政府": "国有",
      "官方": "国有",
      "公司所有制": "公司",
      "私营": "民营",
      "盈利性媒体": "官方媒体",
      "上市公司": "公司",
      "商业机构": "公司",
      "事业单位": "公司",
      "混合型（国有资本与市场化运作）": "个人",
      "官方媒体": "外国媒体",
      "外资": "国有"
    },
    "funding": {
      "国家财政拨款": "公共资金",
      "商业广告": "广告",
      "用户订阅": "用户支持",
      "订阅": "会员",
      "用户付费": "个人付费",
      "观众订阅": "订阅",
      "政府拨款": "政府",
      "游戏": "活动",
      "企业注资": "企业合作",
      "资本投资": "投资",
      "广告、投资": "广告",
      "企业收入": "企业合作",
      "商业赞助": "企业合作",
      "公共资金": "政府",
      "自创品牌": "品牌合作",
      "发行量": "活动",
      "广告收入": "广告",
      "政府资助": "政府",
      "发行收入": "个人付费",
      "企业自筹": "企业合作",
      "政府财政": "政府",
      "美国政府资助": "政府",
      "政府预算": "政府",
      "政府购买服务": "政府",
      "发行": "PE",
      "政府支持": "政府",
      "母公司注资": "公资",
      "企业投资": "投资",
      "广告、会员订阅、投资": "广告",
      "私人捐赠": "其他捐赠",
      "国家拨款": "政府",
      "国家财政": "政府",
      "金融服务佣金": "资本市场融资",
      "个人付费": "公资",
      "自有资金": "公资",
      "其他资助": "其他捐赠",
      "资本市场融资": "投资",
      "企业赞助": "企业合作",
      "机构支持": "公资",
      "赞助": "公资",
      "会员服务": "会员",
      "企业客户": "企业合作",
      "政府合约": "政府",
      "会员订阅": "会员",
      "个人收入": "公资",
      "增值服务": "公资",
      "私募投资": "投资",
      "英国母公司": "母公司",
      "品牌合作": "企业合作",
      "厂商合作": "企业合作",
      "海外支持": "外国资金"
    },
    "political_stance": {
      "西方中立": "中立",
      "官方立场": "国家",
      "自由主义": "保守派",
      "财经中立": "中立",
      "新自由主义": "保守派",
      "符合社会主义核心价值观": "社会主义核心价值观",
      "中国官方": "国家",
      "亲商业": "亲商",
      "科技导向": "技术导向",
      "商业": "亲商",
      "左翼": "右倾",
      "中间偏左": "右倾",
      "亲政府": "国家",
      "中间偏官方": "官方",
      "符合国家政策导向": "支持政府政策",
      "亲商": "亲中",
      "官方": "国家",
      "支持国家科技发展": "技术导向",
      "官方媒体": "国家",
      "支持政府政策": "支持国家政策",
      "反对一个中国": "亲中国",
      "温和": "亲美",
      "支持美国政策": "支持国家政策",
      "支持中国共产党的领导": "中国政府",
      "支持中国共产党": "中国政府",
      "国家利益": "国家",
      "中国大陆": "亲中国",
      "右翼": "右倾",
      "左倾": "右倾",
      "支持台独": "亲中",
      "亲中共": "亲中",
      "亲穆斯林世界": "亲阿拉伯",
      "支持现行政策": "支持国家政策",
      "亲中国": "亲中",
      "右倾": "亲中",
      "中国共产党": "中国政府",
      "科技中立": "中立",
      "官方向": "国家",
      "商业导向": "商业",
      "支持国家经济发展方向": "支持国家政策",
      "亲市场": "商业",
      "符合主流政策导向": "支持国家政策",
      "亲日": "亲中",
      "保守倾向": "保守派",
      "非政治化": "主流政治"
    },
    "content_domain": {
      "财经": "投资",
      "商业": "产业",
      "科技": "应用",
      "经济": "产业",
      "数码产品": "数码",
      "科技产品评测": "科技",
      "游戏资讯": "游戏",
      "政策解读": "政府政策",
      "国际新闻": "新闻",
      "社会": "社交",
      "软件": "应用",
      "金融": "投资",
      "硬件": "电脑",
      "时事政治": "政治",
      "国内国际新闻": "国际新闻",
      "经济社会发展": "经济",
      "IT": "AR",
      "创业": "产业",
      "科技创新": "科技",
      "企业战略": "产业",
      "国际评论": "国际新闻",
      "科技产品": "科技",
      "信息技术": "科技",
      "地方新闻": "新闻",
      "社会经济": "经济",
      "生活资讯": "生活方式",
      "本地新闻": "新闻",
      "数码": "应用",
      "游戏": "体育",
      "应用": "AR",
      "时政": "时事",
      "日报": "新闻",
      "国际": "AR",
      "数字服务": "服务",
      "评论分析": "分析",
      "社交": "文化",
      "评论": "AR",
      "文化交流": "文化",
      "外交政策": "中美关系",
      "领事事务": "外交事务",
      "综合新闻": "新闻",
      "资讯": "新闻",
      "国防": "军事",
      "外交事务": "中美关系",
      "领事服务": "领事事务",
      "深度新闻": "深度报道",
      "社会议题": "社交",
      "国际事务": "中美关系",
      "经济新闻": "经济",
      "新闻报道": "新闻",
      "本地事务": "地方新闻",
      "证券": "投资",
      "中美关系": "中国",
      "商务": "产业",
      "新闻资讯": "新闻",
      "时事评论": "时事",
      "社会新闻": "新闻",
      "科技新闻": "科技",
      "技术创新": "科技",
      "产业动态": "产业",
      "商业资讯": "产业",
      "投资分析": "投资",
      "教育科技": "教育",
      "在线教育": "教育",
      "新闻媒体": "新闻",
      "科研": "分析",
      "国防科技": "军事"
    },
    "location": {
      "北京": "上海",
      "全球覆盖": "全球",
      "中国大陆": "中国",
      "中国北京": "上海",
      "绍兴": "浙江",
      "首尔": "浙江",
      "深圳": "中国",
      "韩国": "浙江",
      "台湾地区": "台湾",
      "浙江": "山东",
      "济南": "山东",
      "新加坡": "台湾",
      "中国": "上海",
      "美国": "全国",
      "香港": "台湾",
      "全球": "全国",
      "北美": "全国",
      "江苏": "山东",
      "湖南": "台湾",
      "山东": "台湾",
      "英语国家": "英国",
      "全球(主要面向日本)": "全球"
    },
    "target_audience": {
      "关注财经资讯的中高收入人群": "高收入",
      "高学历城市中产阶级": "中产阶级",
      "对时事和科技感兴趣的用户": "科技爱好者",
      "普通消费者": "消费者",
      "中产阶级投资者": "中产阶级",
      "国际听众": "全球观众",
      "中高收入群体": "中产阶级",
      "投资者": "投资人",
      "企业管理者": "企业用户",
      "财经爱好者": "投资人",
      "普通用户": "大众用户",
      "中文读者": "中国公众",
      "中国投资者": "中国网民",
      "捷克科技爱好者": "科技爱好者",
      "企业高管": "企业",
      "数码用户": "年轻用户",
      "体育爱好者": "游戏玩家",
      "科技爱好者": "IT从业者",
      "对时事政治感兴趣的群体": "关注时政群体",
      "中国大陆网民": "中国公众",
      "香港本地居民": "绍兴本地居民",
      "科技从业者": "IT从业者",
      "科技行业从业者": "技术经理",
      "留学生": "学生",
      "年轻群体": "年轻用户",
      "企业用户": "消费者",
      "绍兴本地居民": "本地市民",
      "企业人士": "企业",
      "关注深圳发展的群体": "中国网民",
      "年轻用户": "大众用户",
      "大众网民": "大众用户",
      "国际新闻读者": "全球观众",
      "中国网民": "中国公众",
      "韩国国内读者": "台湾地区读者",
      "国际关注者": "全球观众",
      "职场人士": "企业",
      "普通公众": "公众",
      "国内外政府机构": "政府官员",
      "关注本地时政的群体": "时政关注者",
      "海外华人": "中国公众",
      "新加坡华人": "中国公众",
      "本地市民": "本地居民",
      "科技从业者、创业者、投资者": "创业者",
      "香港市民": "中国公众",
      "中国读者": "中国公众",
      "政府机构": "政府官员",
      "商务人士": "企业",
      "学者": "学生",
      "商业人士": "创业者",
      "关注时事的读者": "时事关注者",
      "政府人员": "党员",
      "关注时政群体": "时政关注者",
      "个人投资者": "投资人",
      "机构投资者": "投资人",
      "中高端商务人士": "创业者",
      "知识分子": "学者",
      "时政关注者": "时事关注者",
      "英语国家听众": "全球观众",
      "对中国的政治、社会动态感兴趣的国际读者": "中国公众",
      "创业者": "企业",
      "军事爱好者": "爱好者",
      "关注湖南发展的全国网民": "湖南本地网民",
      "台湾地区读者": "中文读者",
      "关注中国及国际时事的人群": "中国公众",
      "湖南本地网民": "中文读者",
      "研究人员": "学者",
      "政策制定者": "政府官员",
      "经济管理者": "企业",
      "受教育程度较高人群": "教育行业从业者",
      "文化爱好者": "爱好者",
      "游戏玩家": "爱好者",
      "爱好者": "党员",
      "中国大陆中产阶级": "中国公众",
      "学术界": "学生",
      "日本读者": "国际读者",
      "对中日关系感兴趣的国际读者": "国际读者"
    },
    "category": {
      "商业财经媒体": "财经媒体",
      "财经媒体": "公营媒体",
      "日报": "党报",
      "科技博客": "公营媒体",
      "科技媒体": "公营媒体",
      "综合媒体": "公营媒体",
      "综合门户网站": "评测网站",
      "新闻媒体": "公营媒体",
      "财经评论媒体": "报纸",
      "商业新闻媒体": "公营媒体",
      "新闻门户网站": "公营媒体",
      "财经社交媒体平台": "公营媒体",
      "综合新闻": "报纸",
      "商业科技媒体": "公营媒体",
      "新闻评论网站": "评测网站",
      "综合新闻门户": "公营媒体",
      "新闻网站": "公营媒体",
      "商业媒体": "公营媒体",
      "新闻机构": "新闻媒体",
      "汽车垂直媒体": "垂直媒体",
      "综合新闻媒体": "公营媒体",
      "官方媒体": "公营媒体",
      "政府机构媒体": "公营媒体",
      "报纸": "党报",
      "国际广播电台": "广播",
      "网络媒体": "公营媒体",
      "新闻": "公营媒体",
      "门户网站": "评测网站",
      "新闻门户": "公营媒体",
      "通讯社": "党报",
      "传统报纸": "报纸",
      "新闻评论类": "公营媒体",
      "国际新闻广播机构": "广播",
      "商业新闻网站": "公营媒体",
      "新闻评论类媒体": "公营媒体",
      "财经门户网站": "财经媒体",
      "行业分析网站": "行业网站",
      "博客": "公营媒体",
      "政府机构网站": "官方机构网站",
      "科技新闻网站": "公营媒体",
      "游戏资讯网站": "游戏资讯平台",
      "付费订阅媒体": "付费订阅",
      "商业资讯": "企业传播",
      "官方机构网站": "行业网站",
      "行业网站": "科技公司",
      "财经": "财经媒体",
      "科技财经媒体": "公营媒体",
      "资讯类网站": "评测网站",
      "官方科技新闻媒体": "新闻媒体",
      "在线媒体": "公营媒体"
    }
  },
  "last_clustering_stats": {
    "timestamp": "2025-11-24T19:42:56.969410",
    "fields": {
      "ownership": {
        "before_count": 23,
        "after_count": 19,
        "reduction": 4,
        "reduction_rate": 17.391304347826086,
        "clusters": [
          {
            "representative": "公司",
            "members": [
              "公司",
              "商业"
            ],
            "size": 2
          },
          {
            "representative": "国有",
            "members": [
              "国家所有",
              "国有",
              "外资"
            ],
            "size": 3
          },
          {
            "representative": "外国媒体",
            "members": [
              "外国媒体",
              "官方媒体"
            ],
            "size": 2
          }
        ],
        "total_clusters": 19,
        "clustered_keywords": 4,
        "similarity_matrix": {
          "keywords": [
            "个人",
            "中国",
            "公司",
            "内容团队",
            "卡塔尔政府",
            "商业",
            "国内资本",
            "国家所有",
            "国有",
            "外国媒体",
            "外资",
            "官方媒体",
            "小团队",
            "德国政府",
            "新加坡报业集团",
            "日本关联",
            "民营",
            "法国国家",
            "混合",
            "独立",
            "现代集团",
            "私有控股",
            "韩国财阀企业"
          ],
          "matrix": [
            [
              1.0,
              0.38892102241516113,
              0.654438316822052,
              0.43212616443634033,
              0.21895922720432281,
              0.5417155027389526,
              0.351199209690094,
              0.5628441572189331,
              0.7530157566070557,
              0.37042707204818726,
              0.5561867952346802,
              0.4697038531303406,
              0.5177983045578003,
              0.2613241672515869,
              0.35064995288848877,
              0.2952699661254883,
              0.4585896134376526,
              0.32682687044143677,
              0.5172351598739624,
              0.4618147611618042,
              0.5315055251121521,
              0.5503556132316589,
              0.3077514171600342
            ],
            [
              0.38892102241516113,
              1.0,
              0.45861315727233887,
              0.17200130224227905,
              0.3574817478656769,
              0.45117688179016113,
              0.29116153717041016,
              0.4984917938709259,
              0.5498403310775757,
              0.4116419553756714,
              0.5230676531791687,
              0.34321460127830505,
              0.29040050506591797,
              0.1662771850824356,
              0.3921660780906677,
              0.5953938961029053,
              0.21192887425422668,
              0.2668027877807617,
              0.3222584128379822,
              0.2774568200111389,
              0.3864991366863251,
              0.3055867850780487,
              0.4865882396697998
            ],
            [
              0.654438316822052,
              0.45861315727233887,
              1.0,
              0.5131137371063232,
              0.36577939987182617,
              0.8309629559516907,
              0.45967912673950195,
              0.5501154661178589,
              0.6625468134880066,
              0.42814144492149353,
              0.5618619918823242,
              0.5137950778007507,
              0.5087110996246338,
              0.4252844452857971,
              0.5118460059165955,
              0.42264246940612793,
              0.3610633313655853,
              0.3487691283226013,
              0.498330295085907,
              0.35482680797576904,
              0.6072250604629517,
              0.6040950417518616,
              0.5334264039993286
            ],
            [
              0.43212616443634033,
              0.17200130224227905,
              0.5131137371063232,
              1.0,
              0.16532984375953674,
              0.40980422496795654,
              0.16827425360679626,
              0.3751799464225769,
              0.41694068908691406,
              0.5077328681945801,
              0.30333060026168823,
              0.5192400217056274,
              0.5228825807571411,
              0.17283624410629272,
              0.43959248065948486,
              0.24898074567317963,
              0.2772151231765747,
              0.13764554262161255,
              0.4145089387893677,
              0.20595629513263702,
              0.505760669708252,
              0.2911410331726074,
              0.19086849689483643
            ],
            [
              0.21895922720432281,
              0.3574817478656769,
              0.36577939987182617,
              0.16532984375953674,
              1.0,
              0.3323875367641449,
              0.29719042778015137,
              0.4050397574901581,
              0.34505170583724976,
              0.3527628481388092,
              0.40273019671440125,
              0.32058387994766235,
              0.15667729079723358,
              0.30226990580558777,
              0.2894865870475769,
              0.2088775634765625,
              0.18094712495803833,
              0.3137513995170593,
              0.11265985667705536,
              0.3985920250415802,
              0.27075934410095215,
              0.403767853975296,
              0.3409727215766907
            ],
            [
              0.5417155027389526,
              0.45117688179016113,
              0.8309629559516907,
              0.40980422496795654,
              0.3323875367641449,
              1.0,
              0.523914098739624,
              0.4682486057281494,
              0.5646184682846069,
              0.4155372977256775,
              0.5154852867126465,
              0.4299464225769043,
              0.342006653547287,
              0.3220890760421753,
              0.4638611674308777,
              0.361309289932251,
              0.24082086980342865,
              0.2816351056098938,
              0.46052369475364685,
              0.32572486996650696,
              0.4800916314125061,
              0.5334981679916382,
              0.5071287155151367
            ],
            [
              0.351199209690094,
              0.29116153717041016,
              0.45967912673950195,
              0.16827425360679626,
              0.29719042778015137,
              0.523914098739624,
              1.0,
              0.4453219175338745,
              0.43631887435913086,
              0.2499147206544876,
              0.39248722791671753,
              0.35498249530792236,
              0.2163926362991333,
              0.382071316242218,
              0.317523330450058,
              0.25315311551094055,
              0.2486082911491394,
              0.3552168905735016,
              0.25019052624702454,
              0.502456545829773,
              0.37553679943084717,
              0.5875241160392761,
              0.3379390835762024
            ],
            [
              0.5628441572189331,
              0.4984917938709259,
              0.5501154661178589,
              0.3751799464225769,
              0.4050397574901581,
              0.4682486057281494,
              0.4453219175338745,
              1.0,
              0.8500363826751709,
              0.500573456287384,
              0.7304006814956665,
              0.5075918436050415,
              0.4956526756286621,
              0.3256915509700775,
              0.38965490460395813,
              0.46413010358810425,
              0.4092715382575989,
              0.5011665225028992,
              0.4576100707054138,
              0.5065529346466064,
              0.5933820009231567,
              0.4606931209564209,
              0.41778355836868286
            ],
            [
              0.7530157566070557,
              0.5498403310775757,
              0.6625468134880066,
              0.41694068908691406,
              0.34505170583724976,
              0.5646184682846069,
              0.43631887435913086,
              0.8500363826751709,
              1.0,
              0.4902458190917969,
              0.7306457757949829,
              0.5657262802124023,
              0.5734292268753052,
              0.3483107089996338,
              0.4575609564781189,
              0.4802172780036926,
              0.5389560461044312,
              0.47711867094039917,
              0.5867291688919067,
              0.4897763729095459,
              0.6301512122154236,
              0.5305542945861816,
              0.4508056640625
            ],
            [
              0.37042707204818726,
              0.4116419553756714,
              0.42814144492149353,
              0.5077328681945801,
              0.3527628481388092,
              0.4155372977256775,
              0.2499147206544876,
              0.500573456287384,
              0.4902458190917969,
              1.0,
              0.6425299644470215,
              0.8136770725250244,
              0.2759706377983093,
              0.28617754578590393,
              0.5368595123291016,
              0.4367169737815857,
              0.17588701844215393,
              0.3262731432914734,
              0.3016147017478943,
              0.2663640081882477,
              0.5017238259315491,
              0.3253844976425171,
              0.35109370946884155
            ],
            [
              0.5561867952346802,
              0.5230676531791687,
              0.5618619918823242,
              0.30333060026168823,
              0.40273019671440125,
              0.5154852867126465,
              0.39248722791671753,
              0.7304006814956665,
              0.7306457757949829,
              0.6425299644470215,
              1.0,
              0.480391263961792,
              0.44645532965660095,
              0.48756372928619385,
              0.36251357197761536,
              0.531025230884552,
              0.3742177188396454,
              0.5967696905136108,
              0.4195215404033661,
              0.4723513126373291,
              0.5908143520355225,
              0.40653952956199646,
              0.4350886940956116
            ],
            [
              0.4697038531303406,
              0.34321460127830505,
              0.5137950778007507,
              0.5192400217056274,
              0.32058387994766235,
              0.4299464225769043,
              0.35498249530792236,
              0.5075918436050415,
              0.5657262802124023,
              0.8136770725250244,
              0.480391263961792,
              1.0,
              0.33729788661003113,
              0.3297620117664337,
              0.5415686368942261,
              0.33346712589263916,
              0.2863062024116516,
              0.31314682960510254,
              0.3227478265762329,
              0.3347586691379547,
              0.5318343639373779,
              0.45131629705429077,
              0.35216158628463745
            ],
            [
              0.5177983045578003,
              0.29040050506591797,
              0.5087110996246338,
              0.5228825807571411,
              0.15667729079723358,
              0.342006653547287,
              0.2163926362991333,
              0.4956526756286621,
              0.5734292268753052,
              0.2759706377983093,
              0.44645532965660095,
              0.33729788661003113,
              1.0,
              0.21143308281898499,
              0.30373615026474,
              0.25036099553108215,
              0.4518652558326721,
              0.259207159280777,
              0.45121440291404724,
              0.304160475730896,
              0.5068944096565247,
              0.3573511242866516,
              0.26892024278640747
            ],
            [
              0.2613241672515869,
              0.1662771850824356,
              0.4252844452857971,
              0.17283624410629272,
              0.30226990580558777,
              0.3220890760421753,
              0.382071316242218,
              0.3256915509700775,
              0.3483107089996338,
              0.28617754578590393,
              0.48756372928619385,
              0.3297620117664337,
              0.21143308281898499,
              1.0,
              0.17590704560279846,
              0.3611741065979004,
              0.21591877937316895,
              0.5130273103713989,
              0.20625942945480347,
              0.31189587712287903,
              0.3938600420951843,
              0.29794615507125854,
              0.3007618486881256
            ],
            [
              0.35064995288848877,
              0.3921660780906677,
              0.5118460059165955,
              0.43959248065948486,
              0.2894865870475769,
              0.4638611674308777,
              0.317523330450058,
              0.38965490460395813,
              0.4575609564781189,
              0.5368595123291016,
              0.36251357197761536,
              0.5415686368942261,
              0.30373615026474,
              0.17590704560279846,
              1.0,
              0.4227398633956909,
              0.24493393301963806,
              0.09996525943279266,
              0.24839001893997192,
              0.16465413570404053,
              0.5000292062759399,
              0.3798710107803345,
              0.4972710609436035
            ],
            [
              0.2952699661254883,
              0.5953938961029053,
              0.42264246940612793,
              0.24898074567317963,
              0.2088775634765625,
              0.361309289932251,
              0.25315311551094055,
              0.46413010358810425,
              0.4802172780036926,
              0.4367169737815857,
              0.531025230884552,
              0.33346712589263916,
              0.25036099553108215,
              0.3611741065979004,
              0.4227398633956909,
              1.0,
              0.1573999524116516,
              0.1286771297454834,
              0.2720578908920288,
              0.24595309793949127,
              0.3757953643798828,
              0.29369789361953735,
              0.5873422622680664
            ],
            [
              0.4585896134376526,
              0.21192887425422668,
              0.3610633313655853,
              0.2772151231765747,
              0.18094712495803833,
              0.24082086980342865,
              0.2486082911491394,
              0.4092715382575989,
              0.5389560461044312,
              0.17588701844215393,
              0.3742177188396454,
              0.2863062024116516,
              0.4518652558326721,
              0.21591877937316895,
              0.24493393301963806,
              0.1573999524116516,
              1.0,
              0.24920237064361572,
              0.2946546673774719,
              0.2938283681869507,
              0.4115447998046875,
              0.3562461733818054,
              0.19853292405605316
            ],
            [
              0.32682687044143677,
              0.2668027877807617,
              0.3487691283226013,
              0.13764554262161255,
              0.3137513995170593,
              0.2816351056098938,
              0.3552168905735016,
              0.5011665225028992,
              0.47711867094039917,
              0.3262731432914734,
              0.5967696905136108,
              0.31314682960510254,
              0.259207159280777,
              0.5130273103713989,
              0.09996525943279266,
              0.1286771297454834,
              0.24920237064361572,
              1.0,
              0.26516008377075195,
              0.38857465982437134,
              0.3845611810684204,
              0.30381783843040466,
              0.13292892277240753
            ],
            [
              0.5172351598739624,
              0.3222584128379822,
              0.498330295085907,
              0.4145089387893677,
              0.11265985667705536,
              0.46052369475364685,
              0.25019052624702454,
              0.4576100707054138,
              0.5867291688919067,
              0.3016147017478943,
              0.4195215404033661,
              0.3227478265762329,
              0.45121440291404724,
              0.20625942945480347,
              0.24839001893997192,
              0.2720578908920288,
              0.2946546673774719,
              0.26516008377075195,
              1.0,
              0.27450865507125854,
              0.405939519405365,
              0.23871903121471405,
              0.20013006031513214
            ],
            [
              0.4618147611618042,
              0.2774568200111389,
              0.35482680797576904,
              0.20595629513263702,
              0.3985920250415802,
              0.32572486996650696,
              0.502456545829773,
              0.5065529346466064,
              0.4897763729095459,
              0.2663640081882477,
              0.4723513126373291,
              0.3347586691379547,
              0.304160475730896,
              0.31189587712287903,
              0.16465413570404053,
              0.24595309793949127,
              0.2938283681869507,
              0.38857465982437134,
              0.27450865507125854,
              1.0,
              0.325977623462677,
              0.5987288951873779,
              0.2757909595966339
            ],
            [
              0.5315055251121521,
              0.3864991366863251,
              0.6072250604629517,
              0.505760669708252,
              0.27075934410095215,
              0.4800916314125061,
              0.37553679943084717,
              0.5933820009231567,
              0.6301512122154236,
              0.5017238259315491,
              0.5908143520355225,
              0.5318343639373779,
              0.5068944096565247,
              0.3938600420951843,
              0.5000292062759399,
              0.3757953643798828,
              0.4115447998046875,
              0.3845611810684204,
              0.405939519405365,
              0.325977623462677,
              1.0,
              0.44524306058883667,
              0.43922412395477295
            ],
            [
              0.5503556132316589,
              0.3055867850780487,
              0.6040950417518616,
              0.2911410331726074,
              0.403767853975296,
              0.5334981679916382,
              0.5875241160392761,
              0.4606931209564209,
              0.5305542945861816,
              0.3253844976425171,
              0.40653952956199646,
              0.45131629705429077,
              0.3573511242866516,
              0.29794615507125854,
              0.3798710107803345,
              0.29369789361953735,
              0.3562461733818054,
              0.30381783843040466,
              0.23871903121471405,
              0.5987288951873779,
              0.44524306058883667,
              1.0,
              0.47898927330970764
            ],
            [
              0.3077514171600342,
              0.4865882396697998,
              0.5334264039993286,
              0.19086849689483643,
              0.3409727215766907,
              0.5071287155151367,
              0.3379390835762024,
              0.41778355836868286,
              0.4508056640625,
              0.35109370946884155,
              0.4350886940956116,
              0.35216158628463745,
              0.26892024278640747,
              0.3007618486881256,
              0.4972710609436035,
              0.5873422622680664,
              0.19853292405605316,
              0.13292892277240753,
              0.20013006031513214,
              0.2757909595966339,
              0.43922412395477295,
              0.47898927330970764,
              1.0
            ]
          ]
        }
      },
      "funding": {
        "before_count": 37,
        "after_count": 28,
        "reduction": 9,
        "reduction_rate": 24.324324324324326,
        "clusters": [
          {
            "representative": "企业合作",
            "members": [
              "企业合作",
              "厂商合作",
              "品牌合作"
            ],
            "size": 3
          },
          {
            "representative": "会员",
            "members": [
              "会员",
              "会员订阅"
            ],
            "size": 2
          },
          {
            "representative": "公资",
            "members": [
              "公资",
              "增值服务"
            ],
            "size": 2
          },
          {
            "representative": "外国资金",
            "members": [
              "外国资金",
              "海外支持"
            ],
            "size": 2
          },
          {
            "representative": "投资",
            "members": [
              "投资",
              "私募投资"
            ],
            "size": 2
          },
          {
            "representative": "政府",
            "members": [
              "政府",
              "政府拨款"
            ],
            "size": 2
          },
          {
            "representative": "母公司",
            "members": [
              "母公司",
              "英国母公司"
            ],
            "size": 2
          },
          {
            "representative": "用户支持",
            "members": [
              "用户支持",
              "用户订阅"
            ],
            "size": 2
          }
        ],
        "total_clusters": 28,
        "clustered_keywords": 9,
        "similarity_matrix": {
          "keywords": [
            "PE",
            "VC",
            "企业合作",
            "会员",
            "会员订阅",
            "公资",
            "其他捐赠",
            "内容授权",
            "卡塔尔政府",
            "厂商合作",
            "品牌合作",
            "增值服务",
            "外国资金",
            "多元化",
            "多元化（广告、会员、内容付费、投资等）",
            "广告",
            "投资",
            "政府",
            "政府拨款",
            "数据服务费",
            "日本",
            "机构支持",
            "母公司",
            "活动",
            "流量变现",
            "海外支持",
            "游戏相关业务",
            "用户交易佣金",
            "用户支持",
            "用户订阅",
            "电商",
            "私募投资",
            "股东",
            "股票市场",
            "自创收",
            "英国母公司",
            "读者支持"
          ],
          "matrix": [
            [
              1.0,
              0.6687458157539368,
              0.3957362771034241,
              0.6237561702728271,
              0.4360746741294861,
              0.6891127824783325,
              0.3757651746273041,
              0.4863397479057312,
              0.2567155361175537,
              0.40451580286026,
              0.35708099603652954,
              0.5450528264045715,
              0.39621174335479736,
              0.3864642083644867,
              0.1933276355266571,
              0.48917609453201294,
              0.5177422761917114,
              0.4105808138847351,
              0.3558598756790161,
              0.12952756881713867,
              0.35469532012939453,
              0.4660487174987793,
              0.6495245099067688,
              0.6656983494758606,
              0.31027233600616455,
              0.3791155517101288,
              0.40107572078704834,
              0.28759828209877014,
              0.4141899347305298,
              0.3627115786075592,
              0.4739872217178345,
              0.5002413988113403,
              0.49597010016441345,
              0.38635408878326416,
              0.5838261842727661,
              0.5371809601783752,
              0.4332113265991211
            ],
            [
              0.6687458157539368,
              1.0,
              0.34289658069610596,
              0.5029140114784241,
              0.36222928762435913,
              0.4826332926750183,
              0.28226789832115173,
              0.4558510482311249,
              0.13603898882865906,
              0.3743382692337036,
              0.3155030310153961,
              0.3858713209629059,
              0.23221628367900848,
              0.3087778091430664,
              0.17099592089653015,
              0.40323352813720703,
              0.3926911950111389,
              0.2603698968887329,
              0.20912469923496246,
              0.10508011281490326,
              0.185042604804039,
              0.33288225531578064,
              0.45736685395240784,
              0.5101847648620605,
              0.24659058451652527,
              0.2595561742782593,
              0.3561784029006958,
              0.15764354169368744,
              0.3008464276790619,
              0.2891922891139984,
              0.3367125988006592,
              0.4120173454284668,
              0.38950857520103455,
              0.24401584267616272,
              0.36101236939430237,
              0.30040717124938965,
              0.3292301297187805
            ],
            [
              0.3957362771034241,
              0.34289658069610596,
              1.0,
              0.5578749179840088,
              0.4086625277996063,
              0.5326800346374512,
              0.33142513036727905,
              0.4120829999446869,
              0.354830801486969,
              0.7824522256851196,
              0.6738133430480957,
              0.5417503118515015,
              0.4017817974090576,
              0.3947940468788147,
              0.4922873079776764,
              0.40989983081817627,
              0.4794628322124481,
              0.4465756416320801,
              0.4006659984588623,
              0.17321382462978363,
              0.28655004501342773,
              0.6352112293243408,
              0.6029359698295593,
              0.557652473449707,
              0.23502132296562195,
              0.4461118280887604,
              0.5755386352539062,
              0.3430981934070587,
              0.33375847339630127,
              0.25067439675331116,
              0.6294577121734619,
              0.5344232320785522,
              0.5959769487380981,
              0.3160130977630615,
              0.32798993587493896,
              0.5424973368644714,
              0.29206278920173645
            ],
            [
              0.6237561702728271,
              0.5029140114784241,
              0.5578749179840088,
              1.0,
              0.8545849323272705,
              0.6472108960151672,
              0.4862547516822815,
              0.5116944313049316,
              0.24525776505470276,
              0.48354583978652954,
              0.43099623918533325,
              0.581615149974823,
              0.3515473008155823,
              0.41480591893196106,
              0.37438464164733887,
              0.42868393659591675,
              0.3534986972808838,
              0.48962950706481934,
              0.41183698177337646,
              0.19101911783218384,
              0.3333181142807007,
              0.6467453837394714,
              0.6495604515075684,
              0.6752066612243652,
              0.2279146909713745,
              0.4185684323310852,
              0.4362391233444214,
              0.44078272581100464,
              0.5776153802871704,
              0.6087560653686523,
              0.39361438155174255,
              0.3731500208377838,
              0.6010701656341553,
              0.3075505495071411,
              0.5395354628562927,
              0.5210103392601013,
              0.551632285118103
            ],
            [
              0.4360746741294861,
              0.36222928762435913,
              0.4086625277996063,
              0.8545849323272705,
              1.0,
              0.5022456645965576,
              0.46549344062805176,
              0.4820340871810913,
              0.12964510917663574,
              0.35506176948547363,
              0.39079320430755615,
              0.5643125772476196,
              0.2699522078037262,
              0.22310777008533478,
              0.34612661600112915,
              0.40602052211761475,
              0.24602848291397095,
              0.31611207127571106,
              0.31499770283699036,
              0.2196718454360962,
              0.2096470445394516,
              0.48892587423324585,
              0.49076658487319946,
              0.5036965608596802,
              0.17281997203826904,
              0.3268902897834778,
              0.36363327503204346,
              0.5677475333213806,
              0.6004763841629028,
              0.8391545414924622,
              0.35451748967170715,
              0.30171364545822144,
              0.5029785633087158,
              0.27560585737228394,
              0.35140421986579895,
              0.404075562953949,
              0.5707104206085205
            ],
            [
              0.6891127824783325,
              0.4826332926750183,
              0.5326800346374512,
              0.6472108960151672,
              0.5022456645965576,
              1.0,
              0.6322494745254517,
              0.550589919090271,
              0.32402822375297546,
              0.4891209006309509,
              0.4300401210784912,
              0.7307969331741333,
              0.7035903930664062,
              0.3803592920303345,
              0.40274274349212646,
              0.5195971131324768,
              0.6730018854141235,
              0.590988039970398,
              0.729259729385376,
              0.43546348810195923,
              0.3372860252857208,
              0.6499408483505249,
              0.6887193918228149,
              0.6776993274688721,
              0.38964587450027466,
              0.5473479628562927,
              0.48194369673728943,
              0.47280651330947876,
              0.4449405074119568,
              0.3797261118888855,
              0.6328880190849304,
              0.6241878867149353,
              0.6281824111938477,
              0.4645725190639496,
              0.6082482933998108,
              0.5877583026885986,
              0.4623342752456665
            ],
            [
              0.3757651746273041,
              0.28226789832115173,
              0.33142513036727905,
              0.4862547516822815,
              0.46549344062805176,
              0.6322494745254517,
              1.0,
              0.36286231875419617,
              0.21760272979736328,
              0.3053736984729767,
              0.297417551279068,
              0.4948303699493408,
              0.5036889910697937,
              0.3504638671875,
              0.4190502166748047,
              0.25200125575065613,
              0.4297501742839813,
              0.2772864103317261,
              0.5619431734085083,
              0.2297966033220291,
              0.21855595707893372,
              0.516417384147644,
              0.4036940336227417,
              0.36922121047973633,
              0.13591012358665466,
              0.5031479597091675,
              0.21399670839309692,
              0.28957074880599976,
              0.2591564357280731,
              0.2689744830131531,
              0.29319366812705994,
              0.45315366983413696,
              0.3623136878013611,
              0.2475719451904297,
              0.4073305130004883,
              0.3531416058540344,
              0.3835219442844391
            ],
            [
              0.4863397479057312,
              0.4558510482311249,
              0.4120829999446869,
              0.5116944313049316,
              0.4820340871810913,
              0.550589919090271,
              0.36286231875419617,
              1.0,
              0.28624147176742554,
              0.4485905170440674,
              0.4448342025279999,
              0.6087766885757446,
              0.28072279691696167,
              0.34387317299842834,
              0.42715394496917725,
              0.4812048673629761,
              0.28481385111808777,
              0.4280940294265747,
              0.42302611470222473,
              0.3679567575454712,
              0.20754478871822357,
              0.5596466064453125,
              0.4657156467437744,
              0.5414888858795166,
              0.2240496575832367,
              0.3596120774745941,
              0.4346820116043091,
              0.40517184138298035,
              0.5387952327728271,
              0.4732281565666199,
              0.4737336039543152,
              0.35744285583496094,
              0.41765618324279785,
